 2 1
 4 1
 6 1
 8 1
 10 1
 12 1
 14 1
 16 1
 18 1
 20 1
 22 1
 24 1
 26 1
 28 1
 30 1
 32 1
 34 1
 36 1
 38 1
 40 1
 42 1
 44 1
 46 1
 48 1
 50 1
 52 1
 54 1
 56 1
 58 1
 60 1
 62 1
 64 1
 66 1
 68 1
 70 1
 72 1
 74 1
 76 1
 78 1
 80 1
 82 1
 84 1
 86 1
 88 1
 90 1
 92 1
 94 1
 96 1
 98 1
 100 1
 102 1
 104 1
 106 1
 108 1
 110 1
 112 1
 114 1
 116 1
 118 1
 120 1
 122 1
 124 1
 126 1
 128 1
 130 1
 132 1
 134 1
 136 1
 138 1
 140 1
 142 1
 144 1
 146 1
 148 1
 150 1
 152 1
 154 1
 156 1
 158 1
 160 1
 162 1
 164 1
 166 1
 168 1
 170 1
 172 1
 174 1
 176 1
 178 1
 180 1
 182 1
 184 1
 186 1
 188 1
 190 1
 192 1
 194 1
 196 1
 198 1
 200 1
 202 1
 204 1
 206 1
 208 1
 210 1
 212 1
 214 1
 216 1
 218 1
 220 1
 222 1
 224 1
 226 1
 228 1
 230 1
 232 1
 234 1
 236 1
 238 1
 240 1
 242 1
 244 1
 246 1
 248 1
 250 1
 252 1
 254 1
 256 1
 258 1
 260 1
 262 1
 264 1
 266 1
 268 1
 270 1
 272 1
 274 1
 276 1
 278 1
 280 1
 282 1
 284 1
 286 1
 288 1
 290 1
 292 1
 294 1
 296 1
 298 1
 300 1
 302 1
 304 1
 306 1
 308 1
 310 1
 312 1
 314 1
 316 1
 318 1
 320 1
 322 1
 324 1
 326 1
 328 1
 330 1
 332 1
 334 1
 336 1
 338 1
 340 1
 342 1
 344 1
 346 1
 348 1
 350 1
 352 1
 354 1
 356 1
 358 1
 360 1
 362 1
 364 1
 366 1
 368 1
 370 1
 372 1
 374 1
 376 1
 378 1
 380 1
 382 1
 384 1
 386 1
 388 1
 390 1
 392 1
 394 1
 396 1
 398 1
 400 1
 402 1
 404 1
 406 1
 408 1
 410 1
 412 1
 414 1
 416 1
 418 1
 420 1
 422 1
 424 1
 426 1
 428 1
 430 1
 432 1
 434 1
 436 1
 438 1
 440 1
 442 1
 444 1
 446 1
 448 1
 450 1
 452 1
 454 1
 456 1
 458 1
 460 1
 462 1
 464 1
 466 1
 468 1
 470 1
 472 1
 474 1
 476 1
 478 1
 480 1
 482 1
 484 1
 486 1
 488 1
 490 1
 492 1
 494 1
 496 1
 498 1
 500 1
 502 1
 504 1
 506 1
 508 1
 510 1
 512 1
 514 1
 516 1
 518 1
 520 1
 522 1
 524 1
 526 1
 528 1
 530 1
 532 1
 534 1
 536 1
 538 1
 540 1
 542 1
 544 1
 546 1
 548 1
 550 1
 552 1
 554 1
 556 1
 558 1
 560 1
 562 1
 564 1
 566 1
 568 1
 570 1
 572 1
 574 1
 576 1
 578 1
 580 1
 582 1
 584 1
 586 1
 588 1
 590 1
 592 1
 594 1
 596 1
 598 1
 600 1
 602 1
 604 1
 606 1
 608 1
 610 1
 612 1
 614 1
 616 1
 618 1
 620 1
 622 1
 624 1
 626 1
 628 1
 630 1
 632 1
 634 1
 636 1
 638 1
 640 1
 642 1
 644 1
 646 1
 648 1
 650 1
 652 1
 654 1
 656 1
 658 1
 660 1
 662 1
 664 1
 666 1
 668 1
 670 1
 672 1
 674 1
 676 1
 678 1
 680 1
 682 1
 684 1
 686 1
 688 1
 690 1
 692 1
 694 1
 696 1
 698 1
 700 1
 702 1
 704 1
 706 1
 708 1
 710 1
 712 1
 714 1
 716 1
 718 1
 720 1
 722 1
 724 1
 726 1
 728 1
 730 1
 732 1
 734 1
 736 1
 738 1
 740 1
 742 1
 744 1
 746 1
 748 1
 750 1
 752 1
 754 1
 756 1
 758 1
 760 1
 762 1
 764 1
 766 1
 768 1
 770 1
 772 1
 774 1
 776 1
 778 1
 780 1
 782 1
 784 1
 786 1
 788 1
 790 1
 792 1
 794 1
 796 1
 798 1
 800 1
 802 1
 804 1
 806 1
 808 1
 810 1
 812 1
 814 1
 816 1
 818 1
 820 1
 822 1
 824 1
 826 1
 828 1
 830 1
 832 1
 834 1
 836 1
 838 1
 840 1
 842 1
 844 1
 846 1
 848 1
 850 1
 852 1
 854 1
 856 1
 858 1
 860 1
 862 1
 864 1
 866 1
 868 1
 870 1
 872 1
 874 1
 876 1
 878 1
 880 1
 882 1
 884 1
 886 1
 888 1
 890 1
 892 1
 894 1
 896 1
 898 1
 900 1
 902 1
 904 1
 906 1
 908 1
 910 1
 912 1
 914 1
 916 1
 918 1
 920 1
 922 1
 924 1
 926 1
 928 1
 930 1
 932 1
 934 1
 936 1
 938 1
 940 1
 942 1
 944 1
 946 1
 948 1
 950 1
 952 1
 954 1
 956 1
 958 1
 960 1
 962 1
 964 1
 966 1
 968 1
 970 1
 972 1
 974 1
 976 1
 978 1
 980 1
 982 1
 984 1
 986 1
 988 1
 990 1
 992 1
 994 1
 996 1
 998 1
 1000 1
 1002 1
 1004 1
 1006 1
 1008 1
 1010 1
 1012 1
 1014 1
 1016 1
 1018 1
 1020 1
 1022 1
 1024 1
 1026 1
 1028 1
 1030 1
 1032 1
 1034 1
 1036 1
 1038 1
 1040 1
 1042 1
 1044 1
 1046 1
 1048 1
 1050 1
 1052 1
 1054 1
 1056 1
 1058 1
 1060 1
 1062 1
 1064 1
 1066 1
 1068 1
 1070 1
 1072 1
 1074 1
 1076 1
 1078 1
 1080 1
 1082 1
 1084 1
 1086 1
 1088 1
 1090 1
 1092 1
 1094 1
 1096 1
 1098 1
 1100 1
 1102 1
 1104 1
 1106 1
 1108 1
 1110 1
 1112 1
 1114 1
 1116 1
 1118 1
 1120 1
 1122 1
 1124 1
 1126 1
 1128 1
 1130 1
 1132 1
 1134 1
 1136 1
 1138 1
 1140 1
 1142 1
 1144 1
 1146 1
 1148 1
 1150 1
 1152 1
 1154 1
 1156 1
 1158 1
 1160 1
 1162 1
 1164 1
 1166 1
 1168 1
 1170 1
 1172 1
 1174 1
 1176 1
 1178 1
 1180 1
 1182 1
 1184 1
 1186 1
 1188 1
 1190 1
 1192 1
 1194 1
 1196 1
 1198 1
 1200 1
 1202 1
 1204 1
 1206 1
 1208 1
 1210 1
 1212 1
 1214 1
 1216 1
 1218 1
 1220 1
 1222 1
 1224 1
 1226 1
 1228 1
 1230 1
 1232 1
 1234 1
 1236 1
 1238 1
 1240 1
 1242 1
 1244 1
 1246 1
 1248 1
 1250 1
 1252 1
 1254 1
 1256 1
 1258 1
 1260 1
 1262 1
 1264 1
 1266 1
 1268 1
 1270 1
 1272 1
 1274 1
 1276 1
 1278 1
 1280 1
 1282 1
 1284 1
 1286 1
 1288 1
 1290 1
 1292 1
 1294 1
 1296 1
 1298 1
 1300 1
 1302 1
 1304 1
 1306 1
 1308 1
 1310 1
 1312 1
 1314 1
 1316 1
 1318 1
 1320 1
 1322 1
 1324 1
 1326 1
 1328 1
 1330 1
 1332 1
 1334 1
 1336 1
 1338 1
 1340 1
 1342 1
 1344 1
 1346 1
 1348 1
 1350 1
 1352 1
 1354 1
 1356 1
 1358 1
 1360 1
 1362 1
 1364 1
 1366 1
 1368 1
 1370 1
 1372 1
 1374 1
 1376 1
 1378 1
 1380 1
 1382 1
 1384 1
 1386 1
 1388 1
 1390 1
 1392 1
 1394 1
 1396 1
 1398 1
 1400 1
 1402 1
 1404 1
 1406 1
 1408 1
 1410 1
 1412 1
 1414 1
 1416 1
 1418 1
 1420 1
 1422 1
 1424 1
 1426 1
 1428 1
 1430 1
 1432 1
 1434 1
 1436 1
 1438 1
 1440 1
 1442 1
 1444 1
 1446 1
 1448 1
 1450 1
 1452 1
 1454 1
 1456 1
 1458 1
 1460 1
 1462 1
 1464 1
 1466 1
 1468 1
 1470 1
 1472 1
 1474 1
 1476 1
 1478 1
 1480 1
 1482 1
 1484 1
 1486 1
 1488 1
 1490 1
 1492 1
 1494 1
 1496 1
 1498 1
 1500 1
 1502 1
 1504 1
 1506 1
 1508 1
 1510 1
 1512 1
 1514 1
 1516 1
 1518 1
 1520 1
 1522 1
 1524 1
 1526 1
 1528 1
 1530 1
 1532 1
 1534 1
 1536 1
 1538 1
 1540 1
 1542 1
 1544 1
 1546 1
 1548 1
 1550 1
 1552 1
 1554 1
 1556 1
 1558 1
 1560 1
 1562 1
 1564 1
 1566 1
 1568 1
 1570 1
 1572 1
 1574 1
 1576 1
 1578 1
 1580 1
 1582 1
 1584 1
 1586 1
 1588 1
 1590 1
 1592 1
 1594 1
 1596 1
 1598 1
 1600 1
 1602 1
 1604 1
 1606 1
 1608 1
 1610 1
 1612 1
 1614 1
 1616 1
 1618 1
 1620 1
 1622 1
 1624 1
 1626 1
 1628 1
 1630 1
 1632 1
 1634 1
 1636 1
 1638 1
 1640 1
 1642 1
 1644 1
 1646 1
 1648 1
 1650 1
 1652 1
 1654 1
 1656 1
 1658 1
 1660 1
 1662 1
 1664 1
 1666 1
 1668 1
 1670 1
 1672 1
 1674 1
 1676 1
 1678 1
 1680 1
 1682 1
 1684 1
 1686 1
 1688 1
 1690 1
 1692 1
 1694 1
 1696 1
 1698 1
 1700 1
 1702 1
 1704 1
 1706 1
 1708 1
 1710 1
 1712 1
 1714 1
 1716 1
 1718 1
 1720 1
 1722 1
 1724 1
 1726 1
 1728 1
 1730 1
 1732 1
 1734 1
 1736 1
 1738 1
 1740 1
 1742 1
 1744 1
 1746 1
 1748 1
 1750 1
 1752 1
 1754 1
 1756 1
 1758 1
 1760 1
 1762 1
 1764 1
 1766 1
 1768 1
 1770 1
 1772 1
 1774 1
 1776 1
 1778 1
 1780 1
 1782 1
 1784 1
 1786 1
 1788 1
 1790 1
 1792 1
 1794 1
 1796 1
 1798 1
 1800 1
 1802 1
 1804 1
 1806 1
 1808 1
 1810 1
 1812 1
 1814 1
 1816 1
 1818 1
 1820 1
 1822 1
 1824 1
 1826 1
 1828 1
 1830 1
 1832 1
 1834 1
 1836 1
 1838 1
 1840 1
 1842 1
 1844 1
 1846 1
 1848 1
 1850 1
 1852 1
 1854 1
 1856 1
 1858 1
 1860 1
 1862 1
 1864 1
 1866 1
 1868 1
 1870 1
 1872 1
 1874 1
 1876 1
 1878 1
 1880 1
 1882 1
 1884 1
 1886 1
 1888 1
 1890 1
 1892 1
 1894 1
 1896 1
 1898 1
 1900 1
 1902 1
 1904 1
 1906 1
 1908 1
 1910 1
 1912 1
 1914 1
 1916 1
 1918 1
 1920 1
 1922 1
 1924 1
 1926 1
 1928 1
 1930 1
 1932 1
 1934 1
 1936 1
 1938 1
 1940 1
 1942 1
 1944 1
 1946 1
 1948 1
 1950 1
 1952 1
 1954 1
 1956 1
 1958 1
 1960 1
 1962 1
 1964 1
 1966 1
 1968 1
 1970 1
 1972 1
 1974 1
 1976 1
 1978 1
 1980 1
 1982 1
 1984 1
 1986 1
 1988 1
 1990 1
 1992 1
 1994 1
 1996 1
 1998 1
 2000 1
 2002 1
 2004 1
 2006 1
 2008 1
 2010 1
 2012 1
 2014 1
 2016 1
 2018 1
 2020 1
 2022 1
 2024 1
 2026 1
 2028 1
 2030 1
 2032 1
 2034 1
 2036 1
 2038 1
 2040 1
 2042 1
 2044 1
 2046 1
 2048 1
 2050 1
 2052 1
 2054 1
 2056 1
 2058 1
 2060 1
 2062 1
 2064 1
 2066 1
 2068 1
 2070 1
 2072 1
 2074 1
 2076 1
 2078 1
 2080 1
 2082 1
 2084 1
 2086 1
 2088 1
 2090 1
 2092 1
 2094 1
 2096 1
 2098 1
 2100 1
 2102 1
 2104 1
 2106 1
 2108 1
 2110 1
 2112 1
 2114 1
 2116 1
 2118 1
 2120 1
 2122 1
 2124 1
 2126 1
 2128 1
 2130 1
 2132 1
 2134 1
 2136 1
 2138 1
 2140 1
 2142 1
 2144 1
 2146 1
 2148 1
 2150 1
 2152 1
 2154 1
 2156 1
 2158 1
 2160 1
 2162 1
 2164 1
 2166 1
 2168 1
 2170 1
 2172 1
 2174 1
 2176 1
 2178 1
 2180 1
 2182 1
 2184 1
 2186 1
 2188 1
 2190 1
 2192 1
 2194 1
 2196 1
 2198 1
 2200 1
 2202 1
 2204 1
 2206 1
 2208 1
 2210 1
 2212 1
 2214 1
 2216 1
 2218 1
 2220 1
 2222 1
 2224 1
 2226 1
 2228 1
 2230 1
 2232 1
 2234 1
 2236 1
 2238 1
 2240 1
 2242 1
 2244 1
 2246 1
 2248 1
 2250 1
 2252 1
 2254 1
 2256 1
 2258 1
 2260 1
 2262 1
 2264 1
 2266 1
 2268 1
 2270 1
 2272 1
 2274 1
 2276 1
 2278 1
 2280 1
 2282 1
 2284 1
 2286 1
 2288 1
 2290 1
 2292 1
 2294 1
 2296 1
 2298 1
 2300 1
 2302 1
 2304 1
 2306 1
 2308 1
 2310 1
 2312 1
 2314 1
 2316 1
 2318 1
 2320 1
 2322 1
 2324 1
 2326 1
 2328 1
 2330 1
 2332 1
 2334 1
 2336 1
 2338 1
 2340 1
 2342 1
 2344 1
 2346 1
 2348 1
 2350 1
 2352 1
 2354 1
 2356 1
 2358 1
 2360 1
 2362 1
 2364 1
 2366 1
 2368 1
 2370 1
 2372 1
 2374 1
 2376 1
 2378 1
 2380 1
 2382 1
 2384 1
 2386 1
 2388 1
 2390 1
 2392 1
 2394 1
 2396 1
 2398 1
 2400 1
 2402 1
 2404 1
 2406 1
 2408 1
 2410 1
 2412 1
 2414 1
 2416 1
 2418 1
 2420 1
 2422 1
 2424 1
 2426 1
 2428 1
 2430 1
 2432 1
 2434 1
 2436 1
 2438 1
 2440 1
 2442 1
 2444 1
 2446 1
 2448 1
 2450 1
 2452 1
 2454 1
 2456 1
 2458 1
 2460 1
 2462 1
 2464 1
 2466 1
 2468 1
 2470 1
 2472 1
 2474 1
 2476 1
 2478 1
 2480 1
 2482 1
 2484 1
 2486 1
 2488 1
 2490 1
 2492 1
 2494 1
 2496 1
 2498 1
 2500 1
 2502 1
 2504 1
 2506 1
 2508 1
 2510 1
 2512 1
 2514 1
 2516 1
 2518 1
 2520 1
 2522 1
 2524 1
 2526 1
 2528 1
 2530 1
 2532 1
 2534 1
 2536 1
 2538 1
 2540 1
 2542 1
 2544 1
 2546 1
 2548 1
 2550 1
 2552 1
 2554 1
 2556 1
 2558 1
 2560 1
 2562 1
 2564 1
 2566 1
 2568 1
 2570 1
 2572 1
 2574 1
 2576 1
 2578 1
 2580 1
 2582 1
 2584 1
 2586 1
 2588 1
 2590 1
 2592 1
 2594 1
 2596 1
 2598 1
 2600 1
 2602 1
 2604 1
 2606 1
 2608 1
 2610 1
 2612 1
 2614 1
 2616 1
 2618 1
 2620 1
 2622 1
 2624 1
 2626 1
 2628 1
 2630 1
 2632 1
 2634 1
 2636 1
 2638 1
 2640 1
 2642 1
 2644 1
 2646 1
 2648 1
 2650 1
 2652 1
 2654 1
 2656 1
 2658 1
 2660 1
 2662 1
 2664 1
 2666 1
 2668 1
 2670 1
 2672 1
 2674 1
 2676 1
 2678 1
 2680 1
 2682 1
 2684 1
 2686 1
 2688 1
 2690 1
 2692 1
 2694 1
 2696 1
 2698 1
 2700 1
 2702 1
 2704 1
 2706 1
 2708 1
 2710 1
 2712 1
 2714 1
 2716 1
 2718 1
 2720 1
 2722 1
 2724 1
 2726 1
 2728 1
 2730 1
 2732 1
 2734 1
 2736 1
 2738 1
 2740 1
 2742 1
 2744 1
 2746 1
 2748 1
 2750 1
 2752 1
 2754 1
 2756 1
 2758 1
 2760 1
 2762 1
 2764 1
 2766 1
 2768 1
 2770 1
 2772 1
 2774 1
 2776 1
 2778 1
 2780 1
 2782 1
 2784 1
 2786 1
 2788 1
 2790 1
 2792 1
 2794 1
 2796 1
 2798 1
 2800 1
 2802 1
 2804 1
 2806 1
 2808 1
 2810 1
 2812 1
 2814 1
 2816 1
 2818 1
 2820 1
 2822 1
 2824 1
 2826 1
 2828 1
 2830 1
 2832 1
 2834 1
 2836 1
 2838 1
 2840 1
 2842 1
 2844 1
 2846 1
 2848 1
 2850 1
 2852 1
 2854 1
 2856 1
 2858 1
 2860 1
 2862 1
 2864 1
 2866 1
 2868 1
 2870 1
 2872 1
 2874 1
 2876 1
 2878 1
 2880 1
 2882 1
 2884 1
 2886 1
 2888 1
 2890 1
 2892 1
 2894 1
 2896 1
 2898 1
 2900 1
 2902 1
 2904 1
 2906 1
 2908 1
 2910 1
 2912 1
 2914 1
 2916 1
 2918 1
 2920 1
 2922 1
 2924 1
 2926 1
 2928 1
 2930 1
 2932 1
 2934 1
 2936 1
 2938 1
 2940 1
 2942 1
 2944 1
 2946 1
 2948 1
 2950 1
 2952 1
 2954 1
 2956 1
 2958 1
 2960 1
 2962 1
 2964 1
 2966 1
 2968 1
 2970 1
 2972 1
 2974 1
 2976 1
 2978 1
 2980 1
 2982 1
 2984 1
 2986 1
 2988 1
 2990 1
 2992 1
 2994 1
 2996 1
 2998 1
 3000 1
 3002 1
 3004 1
 3006 1
 3008 1
 3010 1
 3012 1
 3014 1
 3016 1
 3018 1
 3020 1
 3022 1
 3024 1
 3026 1
 3028 1
 3030 1
 3032 1
 3034 1
 3036 1
 3038 1
 3040 1
 3042 1
 3044 1
 3046 1
 3048 1
 3050 1
 3052 1
 3054 1
 3056 1
 3058 1
 3060 1
 3062 1
 3064 1
 3066 1
 3068 1
 3070 1
 3072 1
 3074 1
 3076 1
 3078 1
 3080 1
 3082 1
 3084 1
 3086 1
 3088 1
 3090 1
 3092 1
 3094 1
 3096 1
 3098 1
 3100 1
 3102 1
 3104 1
 3106 1
 3108 1
 3110 1
 3112 1
 3114 1
 3116 1
 3118 1
 3120 1
 3122 1
 3124 1
 3126 1
 3128 1
 3130 1
 3132 1
 3134 1
 3136 1
 3138 1
 3140 1
 3142 1
 3144 1
 3146 1
 3148 1
 3150 1
 3152 1
 3154 1
 3156 1
 3158 1
 3160 1
 3162 1
 3164 1
 3166 1
 3168 1
 3170 1
 3172 1
 3174 1
 3176 1
 3178 1
 3180 1
 3182 1
 3184 1
 3186 1
 3188 1
 3190 1
 3192 1
 3194 1
 3196 1
 3198 1
 3200 1
 3202 1
 3204 1
 3206 1
 3208 1
 3210 1
 3212 1
 3214 1
 3216 1
 3218 1
 3220 1
 3222 1
 3224 1
 3226 1
 3228 1
 3230 1
 3232 1
 3234 1
 3236 1
 3238 1
 3240 1
 3242 1
 3244 1
 3246 1
 3248 1
 3250 1
 3252 1
 3254 1
 3256 1
 3258 1
 3260 1
 3262 1
 3264 1
 3266 1
 3268 1
 3270 1
 3272 1
 3274 1
 3276 1
 3278 1
 3280 1
 3282 1
 3284 1
 3286 1
 3288 1
 3290 1
 3292 1
 3294 1
 3296 1
 3298 1
 3300 1
 3302 1
 3304 1
 3306 1
 3308 1
 3310 1
 3312 1
 3314 1
 3316 1
 3318 1
 3320 1
 3322 1
 3324 1
 3326 1
 3328 1
 3330 1
 3332 1
 3334 1
 3336 1
 3338 1
 3340 1
 3342 1
 3344 1
 3346 1
 3348 1
 3350 1
 3352 1
 3354 1
 3356 1
 3358 1
 3360 1
 3362 1
 3364 1
 3366 1
 3368 1
 3370 1
 3372 1
 3374 1
 3376 1
 3378 1
 3380 1
 3382 1
 3384 1
 3386 1
 3388 1
 3390 1
 3392 1
 3394 1
 3396 1
 3398 1
 3400 1
 3402 1
 3404 1
 3406 1
 3408 1
 3410 1
 3412 1
 3414 1
 3416 1
 3418 1
 3420 1
 3422 1
 3424 1
 3426 1
 3428 1
 3430 1
 3432 1
 3434 1
 3436 1
 3438 1
 3440 1
 3442 1
 3444 1
 3446 1
 3448 1
 3450 1
 3452 1
 3454 1
 3456 1
 3458 1
 3460 1
 3462 1
 3464 1
 3466 1
 3468 1
 3470 1
 3472 1
 3474 1
 3476 1
 3478 1
 3480 1
 3482 1
 3484 1
 3486 1
 3488 1
 3490 1
 3492 1
 3494 1
 3496 1
 3498 1
 3500 1
 3502 1
 3504 1
 3506 1
 3508 1
 3510 1
 3512 1
 3514 1
 3516 1
 3518 1
 3520 1
 3522 1
 3524 1
 3526 1
 3528 1
 3530 1
 3532 1
 3534 1
 3536 1
 3538 1
 3540 1
 3542 1
 3544 1
 3546 1
 3548 1
 3550 1
 3552 1
 3554 1
 3556 1
 3558 1
 3560 1
 3562 1
 3564 1
 3566 1
 3568 1
 3570 1
 3572 1
 3574 1
 3576 1
 3578 1
 3580 1
 3582 1
 3584 1
 3586 1
 3588 1
 3590 1
 3592 1
 3594 1
 3596 1
 3598 1
 3600 1
 3602 1
 3604 1
 3606 1
 3608 1
 3610 1
 3612 1
 3614 1
 3616 1
 3618 1
 3620 1
 3622 1
 3624 1
 3626 1
 3628 1
 3630 1
 3632 1
 3634 1
 3636 1
 3638 1
 3640 1
 3642 1
 3644 1
 3646 1
 3648 1
 3650 1
