1 	 4.822925e-02 
2 	 4.822973e-02 
3 	 4.823012e-02 
4 	 4.823036e-02 
5 	 4.823041e-02 
6 	 4.823018e-02 
7 	 4.822964e-02 
8 	 4.822870e-02 
9 	 4.822729e-02 
10 	 4.822537e-02 
11 	 4.822288e-02 
12 	 4.821980e-02 
13 	 4.821612e-02 
14 	 4.821185e-02 
15 	 4.820703e-02 
16 	 4.820170e-02 
17 	 4.819591e-02 
18 	 4.818972e-02 
19 	 4.818316e-02 
20 	 4.817628e-02 
21 	 4.816907e-02 
22 	 4.816154e-02 
23 	 4.815365e-02 
24 	 4.814534e-02 
25 	 4.813655e-02 
26 	 4.812716e-02 
27 	 4.811709e-02 
28 	 4.810620e-02 
29 	 4.809436e-02 
30 	 4.808145e-02 
31 	 4.806733e-02 
32 	 4.805188e-02 
33 	 4.803498e-02 
34 	 4.801653e-02 
35 	 4.799642e-02 
36 	 4.797457e-02 
37 	 4.795090e-02 
38 	 4.792534e-02 
39 	 4.789783e-02 
40 	 4.786833e-02 
41 	 4.783677e-02 
42 	 4.780311e-02 
43 	 4.776730e-02 
44 	 4.772928e-02 
45 	 4.768900e-02 
46 	 4.764638e-02 
47 	 4.760136e-02 
48 	 4.755384e-02 
49 	 4.750376e-02 
50 	 4.745100e-02 
51 	 4.739548e-02 
52 	 4.733709e-02 
53 	 4.727574e-02 
54 	 4.721132e-02 
55 	 4.714375e-02 
56 	 4.707293e-02 
57 	 4.699880e-02 
58 	 4.692128e-02 
59 	 4.684031e-02 
60 	 4.675586e-02 
61 	 4.666789e-02 
62 	 4.657639e-02 
63 	 4.648136e-02 
64 	 4.638280e-02 
65 	 4.628075e-02 
66 	 4.617524e-02 
67 	 4.606632e-02 
68 	 4.595406e-02 
69 	 4.583853e-02 
70 	 4.571981e-02 
71 	 4.559800e-02 
72 	 4.547319e-02 
73 	 4.534551e-02 
74 	 4.521507e-02 
75 	 4.508200e-02 
76 	 4.494644e-02 
77 	 4.480854e-02 
78 	 4.466846e-02 
79 	 4.452635e-02 
80 	 4.438241e-02 
81 	 4.423680e-02 
82 	 4.408974e-02 
83 	 4.394142e-02 
84 	 4.379206e-02 
85 	 4.364189e-02 
86 	 4.349112e-02 
87 	 4.334002e-02 
88 	 4.318881e-02 
89 	 4.303775e-02 
90 	 4.288710e-02 
91 	 4.273711e-02 
92 	 4.258805e-02 
93 	 4.244016e-02 
94 	 4.229370e-02 
95 	 4.214893e-02 
96 	 4.200610e-02 
97 	 4.186544e-02 
98 	 4.172721e-02 
99 	 4.159163e-02 
100 	 4.145891e-02 
101 	 4.132927e-02 
102 	 4.120290e-02 
103 	 4.107999e-02 
104 	 4.096072e-02 
105 	 4.084525e-02 
106 	 4.073374e-02 
107 	 4.062632e-02 
108 	 4.052311e-02 
109 	 4.042422e-02 
110 	 4.032977e-02 
111 	 4.023983e-02 
112 	 4.015449e-02 
113 	 4.007380e-02 
114 	 3.999781e-02 
115 	 3.992655e-02 
116 	 3.986005e-02 
117 	 3.979832e-02 
118 	 3.974135e-02 
119 	 3.968912e-02 
120 	 3.964159e-02 
121 	 3.959874e-02 
122 	 3.956049e-02 
123 	 3.952680e-02 
124 	 3.949755e-02 
125 	 3.947267e-02 
126 	 3.945206e-02 
127 	 3.943562e-02 
128 	 3.942321e-02 
129 	 3.941472e-02 
130 	 3.941001e-02 
131 	 3.940895e-02 
132 	 3.941139e-02 
133 	 3.941720e-02 
134 	 3.942622e-02 
135 	 3.943831e-02 
136 	 3.945331e-02 
137 	 3.947108e-02 
138 	 3.949147e-02 
139 	 3.951432e-02 
140 	 3.953949e-02 
141 	 3.956684e-02 
142 	 3.959621e-02 
143 	 3.962747e-02 
144 	 3.966048e-02 
145 	 3.969509e-02 
146 	 3.973118e-02 
147 	 3.976862e-02 
148 	 3.980728e-02 
149 	 3.984705e-02 
150 	 3.988780e-02 
151 	 3.992941e-02 
152 	 3.997176e-02 
153 	 4.001470e-02 
154 	 4.005812e-02 
155 	 4.010195e-02 
156 	 4.014618e-02 
157 	 4.019088e-02 
158 	 4.023607e-02 
159 	 4.028160e-02 
160 	 4.032708e-02 
161 	 4.037190e-02 
162 	 4.041558e-02 
163 	 4.045815e-02 
164 	 4.050044e-02 
165 	 4.054377e-02 
166 	 4.058922e-02 
167 	 4.063666e-02 
168 	 4.068438e-02 
169 	 4.072983e-02 
170 	 4.077115e-02 
171 	 4.080850e-02 
172 	 4.084405e-02 
173 	 4.088043e-02 
174 	 4.091888e-02 
175 	 4.095869e-02 
176 	 4.099831e-02 
177 	 4.103714e-02 
178 	 4.107605e-02 
179 	 4.111607e-02 
180 	 4.115684e-02 
181 	 4.119641e-02 
182 	 4.123296e-02 
183 	 4.126643e-02 
184 	 4.129822e-02 
185 	 4.132932e-02 
186 	 4.135921e-02 
187 	 4.138680e-02 
188 	 4.141224e-02 
189 	 4.143718e-02 
190 	 4.146301e-02 
191 	 4.148951e-02 
192 	 4.151551e-02 
193 	 4.154083e-02 
194 	 4.156660e-02 
195 	 4.159368e-02 
196 	 4.162132e-02 
197 	 4.164804e-02 
198 	 4.167346e-02 
199 	 4.169841e-02 
200 	 4.172324e-02 
201 	 4.174696e-02 
202 	 4.176848e-02 
203 	 4.178806e-02 
204 	 4.180668e-02 
205 	 4.182450e-02 
206 	 4.184068e-02 
207 	 4.185495e-02 
208 	 4.186820e-02 
209 	 4.188127e-02 
210 	 4.189382e-02 
211 	 4.190525e-02 
212 	 4.191592e-02 
213 	 4.192679e-02 
214 	 4.193794e-02 
215 	 4.194866e-02 
216 	 4.195880e-02 
217 	 4.196907e-02 
218 	 4.197981e-02 
219 	 4.199045e-02 
220 	 4.200048e-02 
221 	 4.201028e-02 
222 	 4.202031e-02 
223 	 4.203020e-02 
224 	 4.203936e-02 
225 	 4.204794e-02 
226 	 4.205640e-02 
227 	 4.206461e-02 
228 	 4.207205e-02 
229 	 4.207877e-02 
230 	 4.208522e-02 
231 	 4.209141e-02 
232 	 4.209696e-02 
233 	 4.210190e-02 
234 	 4.210663e-02 
235 	 4.211123e-02 
236 	 4.211540e-02 
237 	 4.211916e-02 
238 	 4.212285e-02 
239 	 4.212653e-02 
240 	 4.212993e-02 
241 	 4.213306e-02 
242 	 4.213621e-02 
243 	 4.213938e-02 
244 	 4.214233e-02 
245 	 4.214508e-02 
246 	 4.214783e-02 
247 	 4.215056e-02 
248 	 4.215305e-02 
249 	 4.215536e-02 
250 	 4.215767e-02 
251 	 4.215996e-02 
252 	 4.216205e-02 
253 	 4.216400e-02 
254 	 4.216591e-02 
255 	 4.216770e-02 
256 	 4.216924e-02 
257 	 4.217069e-02 
258 	 4.217223e-02 
259 	 4.217382e-02 
260 	 4.217534e-02 
261 	 4.217684e-02 
262 	 4.217829e-02 
263 	 4.217955e-02 
264 	 4.218061e-02 
265 	 4.218168e-02 
266 	 4.218288e-02 
267 	 4.218412e-02 
268 	 4.218535e-02 
269 	 4.218661e-02 
270 	 4.218786e-02 
271 	 4.218899e-02 
272 	 4.219007e-02 
273 	 4.219117e-02 
274 	 4.219224e-02 
275 	 4.219311e-02 
276 	 4.219382e-02 
277 	 4.219452e-02 
278 	 4.219518e-02 
279 	 4.219578e-02 
280 	 4.219635e-02 
281 	 4.219693e-02 
282 	 4.219742e-02 
283 	 4.219780e-02 
284 	 4.219828e-02 
285 	 4.219886e-02 
286 	 4.219931e-02 
287 	 4.219955e-02 
288 	 4.219975e-02 
289 	 4.219990e-02 
290 	 4.219985e-02 
291 	 4.219959e-02 
292 	 4.219919e-02 
293 	 4.219852e-02 
294 	 4.219759e-02 
295 	 4.219667e-02 
296 	 4.219570e-02 
297 	 4.219437e-02 
298 	 4.219283e-02 
299 	 4.219152e-02 
300 	 4.219034e-02 
301 	 4.218893e-02 
302 	 4.218745e-02 
303 	 4.218610e-02 
304 	 4.218472e-02 
305 	 4.218328e-02 
306 	 4.218190e-02 
307 	 4.218032e-02 
308 	 4.217828e-02 
309 	 4.217619e-02 
310 	 4.217416e-02 
311 	 4.217156e-02 
312 	 4.216827e-02 
313 	 4.216493e-02 
314 	 4.216150e-02 
315 	 4.215738e-02 
316 	 4.215276e-02 
317 	 4.214807e-02 
318 	 4.214307e-02 
319 	 4.213771e-02 
320 	 4.213231e-02 
321 	 4.212661e-02 
322 	 4.212048e-02 
323 	 4.211457e-02 
324 	 4.210887e-02 
325 	 4.210247e-02 
326 	 4.209565e-02 
327 	 4.208935e-02 
328 	 4.208306e-02 
329 	 4.207601e-02 
330 	 4.206890e-02 
331 	 4.206219e-02 
332 	 4.205512e-02 
333 	 4.204744e-02 
334 	 4.203941e-02 
335 	 4.203062e-02 
336 	 4.202104e-02 
337 	 4.201130e-02 
338 	 4.200109e-02 
339 	 4.199004e-02 
340 	 4.197903e-02 
341 	 4.196809e-02 
342 	 4.195578e-02 
343 	 4.194216e-02 
344 	 4.192837e-02 
345 	 4.191374e-02 
346 	 4.189725e-02 
347 	 4.187966e-02 
348 	 4.186123e-02 
349 	 4.184114e-02 
350 	 4.181966e-02 
351 	 4.179751e-02 
352 	 4.177447e-02 
353 	 4.175072e-02 
354 	 4.172659e-02 
355 	 4.170127e-02 
356 	 4.167454e-02 
357 	 4.164733e-02 
358 	 4.161882e-02 
359 	 4.158747e-02 
360 	 4.155408e-02 
361 	 4.151935e-02 
362 	 4.148189e-02 
363 	 4.144156e-02 
364 	 4.139960e-02 
365 	 4.135541e-02 
366 	 4.130820e-02 
367 	 4.125906e-02 
368 	 4.120856e-02 
369 	 4.115622e-02 
370 	 4.110231e-02 
371 	 4.104686e-02 
372 	 4.098944e-02 
373 	 4.093082e-02 
374 	 4.087108e-02 
375 	 4.080856e-02 
376 	 4.074299e-02 
377 	 4.067510e-02 
378 	 4.060367e-02 
379 	 4.052770e-02 
380 	 4.044812e-02 
381 	 4.036432e-02 
382 	 4.027494e-02 
383 	 4.018110e-02 
384 	 4.008398e-02 
385 	 3.998264e-02 
386 	 3.987714e-02 
387 	 3.976878e-02 
388 	 3.965793e-02 
389 	 3.954510e-02 
390 	 3.943093e-02 
391 	 3.931505e-02 
392 	 3.919785e-02 
393 	 3.908049e-02 
394 	 3.896249e-02 
395 	 3.884325e-02 
396 	 3.872348e-02 
397 	 3.860271e-02 
398 	 3.848004e-02 
399 	 3.835623e-02 
400 	 3.823103e-02 
401 	 3.810262e-02 
402 	 3.797127e-02 
403 	 3.783806e-02 
404 	 3.770190e-02 
405 	 3.756196e-02 
406 	 3.741912e-02 
407 	 3.727367e-02 
408 	 3.712564e-02 
409 	 3.697565e-02 
410 	 3.682378e-02 
411 	 3.667058e-02 
412 	 3.651747e-02 
413 	 3.636490e-02 
414 	 3.621299e-02 
415 	 3.606293e-02 
416 	 3.591536e-02 
417 	 3.577050e-02 
418 	 3.562939e-02 
419 	 3.549216e-02 
420 	 3.535833e-02 
421 	 3.522909e-02 
422 	 3.510522e-02 
423 	 3.498556e-02 
424 	 3.486989e-02 
425 	 3.475906e-02 
426 	 3.465246e-02 
427 	 3.454925e-02 
428 	 3.444961e-02 
429 	 3.435358e-02 
430 	 3.426124e-02 
431 	 3.417289e-02 
432 	 3.408799e-02 
433 	 3.400619e-02 
434 	 3.392783e-02 
435 	 3.385266e-02 
436 	 3.378032e-02 
437 	 3.371120e-02 
438 	 3.364544e-02 
439 	 3.358317e-02 
440 	 3.352479e-02 
441 	 3.346999e-02 
442 	 3.341870e-02 
443 	 3.337198e-02 
444 	 3.332992e-02 
445 	 3.329167e-02 
446 	 3.325753e-02 
447 	 3.322797e-02 
448 	 3.320236e-02 
449 	 3.318053e-02 
450 	 3.316285e-02 
451 	 3.314925e-02 
452 	 3.313961e-02 
453 	 3.313389e-02 
454 	 3.313188e-02 
455 	 3.313389e-02 
456 	 3.314018e-02 
457 	 3.315033e-02 
458 	 3.316408e-02 
459 	 3.318154e-02 
460 	 3.320253e-02 
461 	 3.322683e-02 
462 	 3.325427e-02 
463 	 3.328447e-02 
464 	 3.331733e-02 
465 	 3.335278e-02 
466 	 3.339028e-02 
467 	 3.342982e-02 
468 	 3.347178e-02 
469 	 3.351566e-02 
470 	 3.356100e-02 
471 	 3.360821e-02 
472 	 3.365737e-02 
473 	 3.370806e-02 
474 	 3.376018e-02 
475 	 3.381366e-02 
476 	 3.386830e-02 
477 	 3.392399e-02 
478 	 3.398049e-02 
479 	 3.403755e-02 
480 	 3.409507e-02 
481 	 3.415273e-02 
482 	 3.421028e-02 
483 	 3.426778e-02 
484 	 3.432514e-02 
485 	 3.438207e-02 
486 	 3.443850e-02 
487 	 3.449451e-02 
488 	 3.455016e-02 
489 	 3.460544e-02 
490 	 3.466021e-02 
491 	 3.471443e-02 
492 	 3.476836e-02 
493 	 3.482197e-02 
494 	 3.487502e-02 
495 	 3.492760e-02 
496 	 3.497972e-02 
497 	 3.503109e-02 
498 	 3.508170e-02 
499 	 3.513161e-02 
500 	 3.518053e-02 
501 	 3.522832e-02 
502 	 3.527504e-02 
503 	 3.532068e-02 
504 	 3.536510e-02 
505 	 3.540816e-02 
506 	 3.544979e-02 
507 	 3.549019e-02 
508 	 3.552951e-02 
509 	 3.556779e-02 
510 	 3.560515e-02 
511 	 3.564169e-02 
512 	 3.567728e-02 
513 	 3.571183e-02 
514 	 3.574538e-02 
515 	 3.577808e-02 
516 	 3.581035e-02 
517 	 3.584256e-02 
518 	 3.587473e-02 
519 	 3.590662e-02 
520 	 3.593776e-02 
521 	 3.596771e-02 
522 	 3.599645e-02 
523 	 3.602420e-02 
524 	 3.605121e-02 
525 	 3.607781e-02 
526 	 3.610420e-02 
527 	 3.613003e-02 
528 	 3.615477e-02 
529 	 3.617820e-02 
530 	 3.620029e-02 
531 	 3.622115e-02 
532 	 3.624093e-02 
533 	 3.625963e-02 
534 	 3.627739e-02 
535 	 3.629437e-02 
536 	 3.631074e-02 
537 	 3.632672e-02 
538 	 3.634240e-02 
539 	 3.635764e-02 
540 	 3.637232e-02 
541 	 3.638631e-02 
542 	 3.639951e-02 
543 	 3.641198e-02 
544 	 3.642392e-02 
545 	 3.643534e-02 
546 	 3.644614e-02 
547 	 3.645634e-02 
548 	 3.646602e-02 
549 	 3.647530e-02 
550 	 3.648413e-02 
551 	 3.649232e-02 
552 	 3.649968e-02 
553 	 3.650610e-02 
554 	 3.651141e-02 
555 	 3.651542e-02 
556 	 3.651810e-02 
557 	 3.651935e-02 
558 	 3.651902e-02 
559 	 3.651698e-02 
560 	 3.651333e-02 
561 	 3.650827e-02 
562 	 3.650190e-02 
563 	 3.649417e-02 
564 	 3.648513e-02 
565 	 3.647487e-02 
566 	 3.646349e-02 
567 	 3.645107e-02 
568 	 3.643750e-02 
569 	 3.642253e-02 
570 	 3.640599e-02 
571 	 3.638793e-02 
572 	 3.636830e-02 
573 	 3.634687e-02 
574 	 3.632359e-02 
575 	 3.629852e-02 
576 	 3.627165e-02 
577 	 3.624319e-02 
578 	 3.621349e-02 
579 	 3.618261e-02 
580 	 3.615052e-02 
581 	 3.611742e-02 
582 	 3.608362e-02 
583 	 3.604918e-02 
584 	 3.601385e-02 
585 	 3.597725e-02 
586 	 3.593922e-02 
587 	 3.589966e-02 
588 	 3.585826e-02 
589 	 3.581466e-02 
590 	 3.576866e-02 
591 	 3.572022e-02 
592 	 3.566950e-02 
593 	 3.561668e-02 
594 	 3.556171e-02 
595 	 3.550464e-02 
596 	 3.544591e-02 
597 	 3.538616e-02 
598 	 3.532587e-02 
599 	 3.526526e-02 
600 	 3.520453e-02 
601 	 3.514391e-02 
602 	 3.508335e-02 
603 	 3.502274e-02 
604 	 3.496190e-02 
605 	 3.490027e-02 
606 	 3.483759e-02 
607 	 3.477409e-02 
608 	 3.470930e-02 
609 	 3.464245e-02 
610 	 3.457364e-02 
611 	 3.450326e-02 
612 	 3.443143e-02 
613 	 3.435834e-02 
614 	 3.428414e-02 
615 	 3.420921e-02 
616 	 3.413430e-02 
617 	 3.405993e-02 
618 	 3.398638e-02 
619 	 3.391402e-02 
620 	 3.384313e-02 
621 	 3.377417e-02 
622 	 3.370732e-02 
623 	 3.364223e-02 
624 	 3.357890e-02 
625 	 3.351749e-02 
626 	 3.345754e-02 
627 	 3.339849e-02 
628 	 3.334000e-02 
629 	 3.328170e-02 
630 	 3.322354e-02 
631 	 3.316541e-02 
632 	 3.310681e-02 
633 	 3.304770e-02 
634 	 3.298847e-02 
635 	 3.292955e-02 
636 	 3.287131e-02 
637 	 3.281359e-02 
638 	 3.275675e-02 
639 	 3.270190e-02 
640 	 3.264916e-02 
641 	 3.259835e-02 
642 	 3.255018e-02 
643 	 3.250478e-02 
644 	 3.246215e-02 
645 	 3.242269e-02 
646 	 3.238605e-02 
647 	 3.235216e-02 
648 	 3.232146e-02 
649 	 3.229338e-02 
650 	 3.226753e-02 
651 	 3.224420e-02 
652 	 3.222305e-02 
653 	 3.220386e-02 
654 	 3.218639e-02 
655 	 3.217003e-02 
656 	 3.215512e-02 
657 	 3.214184e-02 
658 	 3.212936e-02 
659 	 3.211777e-02 
660 	 3.210750e-02 
661 	 3.209856e-02 
662 	 3.209141e-02 
663 	 3.208600e-02 
664 	 3.208193e-02 
665 	 3.208002e-02 
666 	 3.208074e-02 
667 	 3.208391e-02 
668 	 3.208982e-02 
669 	 3.209874e-02 
670 	 3.211099e-02 
671 	 3.212671e-02 
672 	 3.214535e-02 
673 	 3.216710e-02 
674 	 3.219208e-02 
675 	 3.221980e-02 
676 	 3.225095e-02 
677 	 3.228566e-02 
678 	 3.232278e-02 
679 	 3.236198e-02 
680 	 3.240238e-02 
681 	 3.244324e-02 
682 	 3.248594e-02 
683 	 3.253080e-02 
684 	 3.257734e-02 
685 	 3.262663e-02 
686 	 3.267805e-02 
687 	 3.272965e-02 
688 	 3.278066e-02 
689 	 3.283024e-02 
690 	 3.287926e-02 
691 	 3.293040e-02 
692 	 3.298399e-02 
693 	 3.303945e-02 
694 	 3.309667e-02 
695 	 3.315429e-02 
696 	 3.321168e-02 
697 	 3.326925e-02 
698 	 3.332673e-02 
699 	 3.338460e-02 
700 	 3.344313e-02 
701 	 3.350151e-02 
702 	 3.355983e-02 
703 	 3.361857e-02 
704 	 3.367834e-02 
705 	 3.373995e-02 
706 	 3.380273e-02 
707 	 3.386520e-02 
708 	 3.392624e-02 
709 	 3.398544e-02 
710 	 3.404429e-02 
711 	 3.410349e-02 
712 	 3.416187e-02 
713 	 3.421931e-02 
714 	 3.427579e-02 
715 	 3.433122e-02 
716 	 3.438685e-02 
717 	 3.444203e-02 
718 	 3.449525e-02 
719 	 3.454687e-02 
720 	 3.459573e-02 
721 	 3.464070e-02 
722 	 3.468337e-02 
723 	 3.472397e-02 
724 	 3.476211e-02 
725 	 3.479828e-02 
726 	 3.483170e-02 
727 	 3.486325e-02 
728 	 3.489520e-02 
729 	 3.492693e-02 
730 	 3.495750e-02 
731 	 3.498684e-02 
732 	 3.501455e-02 
733 	 3.504155e-02 
734 	 3.506854e-02 
735 	 3.509431e-02 
736 	 3.511841e-02 
737 	 3.514130e-02 
738 	 3.516378e-02 
739 	 3.518668e-02 
740 	 3.520972e-02 
741 	 3.523263e-02 
742 	 3.525558e-02 
743 	 3.527845e-02 
744 	 3.530150e-02 
745 	 3.532454e-02 
746 	 3.534693e-02 
747 	 3.536838e-02 
748 	 3.538800e-02 
749 	 3.540578e-02 
750 	 3.542283e-02 
751 	 3.543866e-02 
752 	 3.545263e-02 
753 	 3.546516e-02 
754 	 3.547641e-02 
755 	 3.548755e-02 
756 	 3.549916e-02 
757 	 3.550980e-02 
758 	 3.551967e-02 
759 	 3.552989e-02 
760 	 3.554023e-02 
761 	 3.555075e-02 
762 	 3.556093e-02 
763 	 3.556994e-02 
764 	 3.557870e-02 
765 	 3.558749e-02 
766 	 3.559561e-02 
767 	 3.560329e-02 
768 	 3.561050e-02 
769 	 3.561739e-02 
770 	 3.562477e-02 
771 	 3.563250e-02 
772 	 3.564030e-02 
773 	 3.564837e-02 
774 	 3.565670e-02 
775 	 3.566550e-02 
776 	 3.567484e-02 
777 	 3.568442e-02 
778 	 3.569402e-02 
779 	 3.570341e-02 
780 	 3.571274e-02 
781 	 3.572219e-02 
782 	 3.573122e-02 
783 	 3.573965e-02 
784 	 3.574780e-02 
785 	 3.575591e-02 
786 	 3.576422e-02 
787 	 3.577238e-02 
788 	 3.578017e-02 
789 	 3.578827e-02 
790 	 3.579683e-02 
791 	 3.580556e-02 
792 	 3.581452e-02 
793 	 3.582357e-02 
794 	 3.583292e-02 
795 	 3.584294e-02 
796 	 3.585320e-02 
797 	 3.586346e-02 
798 	 3.587400e-02 
799 	 3.588476e-02 
800 	 3.589579e-02 
801 	 3.590702e-02 
802 	 3.591817e-02 
803 	 3.592940e-02 
804 	 3.594087e-02 
805 	 3.595241e-02 
806 	 3.596407e-02 
807 	 3.597591e-02 
808 	 3.598787e-02 
809 	 3.600009e-02 
810 	 3.601259e-02 
811 	 3.602531e-02 
812 	 3.603828e-02 
813 	 3.605155e-02 
814 	 3.606511e-02 
815 	 3.607900e-02 
816 	 3.609317e-02 
817 	 3.610753e-02 
818 	 3.612204e-02 
819 	 3.613690e-02 
820 	 3.615220e-02 
821 	 3.616764e-02 
822 	 3.618306e-02 
823 	 3.619879e-02 
824 	 3.621496e-02 
825 	 3.623137e-02 
826 	 3.624789e-02 
827 	 3.626447e-02 
828 	 3.628134e-02 
829 	 3.629861e-02 
830 	 3.631598e-02 
831 	 3.633348e-02 
832 	 3.635124e-02 
833 	 3.636915e-02 
834 	 3.638740e-02 
835 	 3.640596e-02 
836 	 3.642454e-02 
837 	 3.644347e-02 
838 	 3.646269e-02 
839 	 3.648186e-02 
840 	 3.650128e-02 
841 	 3.652077e-02 
842 	 3.654015e-02 
843 	 3.655983e-02 
844 	 3.657955e-02 
845 	 3.659904e-02 
846 	 3.661856e-02 
847 	 3.663806e-02 
848 	 3.665767e-02 
849 	 3.667733e-02 
850 	 3.669652e-02 
851 	 3.671577e-02 
852 	 3.673545e-02 
853 	 3.675472e-02 
854 	 3.677335e-02 
855 	 3.679164e-02 
856 	 3.680980e-02 
857 	 3.682799e-02 
858 	 3.684564e-02 
859 	 3.686248e-02 
860 	 3.687900e-02 
861 	 3.689508e-02 
862 	 3.691019e-02 
863 	 3.692426e-02 
864 	 3.693761e-02 
865 	 3.695061e-02 
866 	 3.696290e-02 
867 	 3.697427e-02 
868 	 3.698515e-02 
869 	 3.699567e-02 
870 	 3.700585e-02 
871 	 3.701553e-02 
872 	 3.702443e-02 
873 	 3.703275e-02 
874 	 3.704023e-02 
875 	 3.704657e-02 
876 	 3.705221e-02 
877 	 3.705724e-02 
878 	 3.706192e-02 
879 	 3.706652e-02 
880 	 3.707030e-02 
881 	 3.707341e-02 
882 	 3.707655e-02 
883 	 3.707917e-02 
884 	 3.708095e-02 
885 	 3.708144e-02 
886 	 3.708010e-02 
887 	 3.707750e-02 
888 	 3.707344e-02 
889 	 3.706744e-02 
890 	 3.706029e-02 
891 	 3.705215e-02 
892 	 3.704275e-02 
893 	 3.703202e-02 
894 	 3.701990e-02 
895 	 3.700713e-02 
896 	 3.699346e-02 
897 	 3.697758e-02 
898 	 3.695958e-02 
899 	 3.693975e-02 
900 	 3.691790e-02 
901 	 3.689413e-02 
902 	 3.686837e-02 
903 	 3.684104e-02 
904 	 3.681243e-02 
905 	 3.678220e-02 
906 	 3.675105e-02 
907 	 3.671956e-02 
908 	 3.668714e-02 
909 	 3.665342e-02 
910 	 3.661782e-02 
911 	 3.658022e-02 
912 	 3.654116e-02 
913 	 3.649989e-02 
914 	 3.645554e-02 
915 	 3.640832e-02 
916 	 3.635863e-02 
917 	 3.630697e-02 
918 	 3.625334e-02 
919 	 3.619798e-02 
920 	 3.614175e-02 
921 	 3.608451e-02 
922 	 3.602617e-02 
923 	 3.596726e-02 
924 	 3.590778e-02 
925 	 3.584727e-02 
926 	 3.578461e-02 
927 	 3.571945e-02 
928 	 3.565290e-02 
929 	 3.558467e-02 
930 	 3.551395e-02 
931 	 3.544106e-02 
932 	 3.536659e-02 
933 	 3.529148e-02 
934 	 3.521592e-02 
935 	 3.513980e-02 
936 	 3.506442e-02 
937 	 3.498984e-02 
938 	 3.491558e-02 
939 	 3.484270e-02 
940 	 3.477119e-02 
941 	 3.470019e-02 
942 	 3.462879e-02 
943 	 3.455589e-02 
944 	 3.448218e-02 
945 	 3.440764e-02 
946 	 3.433069e-02 
947 	 3.425208e-02 
948 	 3.417302e-02 
949 	 3.409383e-02 
950 	 3.401527e-02 
951 	 3.393700e-02 
952 	 3.385927e-02 
953 	 3.378326e-02 
954 	 3.370892e-02 
955 	 3.363684e-02 
956 	 3.356744e-02 
957 	 3.349964e-02 
958 	 3.343342e-02 
959 	 3.336876e-02 
960 	 3.330493e-02 
961 	 3.324202e-02 
962 	 3.317938e-02 
963 	 3.311624e-02 
964 	 3.305328e-02 
965 	 3.299133e-02 
966 	 3.293025e-02 
967 	 3.286976e-02 
968 	 3.281107e-02 
969 	 3.275593e-02 
970 	 3.270425e-02 
971 	 3.265572e-02 
972 	 3.261088e-02 
973 	 3.257009e-02 
974 	 3.253338e-02 
975 	 3.250010e-02 
976 	 3.246996e-02 
977 	 3.244285e-02 
978 	 3.241751e-02 
979 	 3.239374e-02 
980 	 3.237221e-02 
981 	 3.235203e-02 
982 	 3.233261e-02 
983 	 3.231416e-02 
984 	 3.229725e-02 
985 	 3.228277e-02 
986 	 3.227008e-02 
987 	 3.225902e-02 
988 	 3.225139e-02 
989 	 3.224766e-02 
990 	 3.224738e-02 
991 	 3.225079e-02 
992 	 3.225799e-02 
993 	 3.226940e-02 
994 	 3.228481e-02 
995 	 3.230346e-02 
996 	 3.232516e-02 
997 	 3.234909e-02 
998 	 3.237473e-02 
999 	 3.240239e-02 
1000 	 3.243135e-02 
