1 	 1.848766e-05 
2 	 3.638984e-05 
3 	 5.387654e-05 
4 	 7.103038e-05 
5 	 8.810386e-05 
6 	 1.053747e-04 
7 	 1.231543e-04 
8 	 1.419035e-04 
9 	 1.620608e-04 
10 	 1.841943e-04 
11 	 2.088918e-04 
12 	 2.367453e-04 
13 	 2.684142e-04 
14 	 3.044602e-04 
15 	 3.454851e-04 
16 	 3.920000e-04 
17 	 4.444545e-04 
18 	 5.033017e-04 
19 	 5.688555e-04 
20 	 6.414928e-04 
21 	 7.215158e-04 
22 	 8.092355e-04 
23 	 9.050633e-04 
24 	 1.009355e-03 
25 	 1.122663e-03 
26 	 1.245564e-03 
27 	 1.378749e-03 
28 	 1.523112e-03 
29 	 1.679553e-03 
30 	 1.849237e-03 
31 	 2.033382e-03 
32 	 2.233332e-03 
33 	 2.450643e-03 
34 	 2.686836e-03 
35 	 2.943679e-03 
36 	 3.222941e-03 
37 	 3.526460e-03 
38 	 3.856249e-03 
39 	 4.214216e-03 
40 	 4.602486e-03 
41 	 5.023136e-03 
42 	 5.478284e-03 
43 	 5.970220e-03 
44 	 6.501101e-03 
45 	 7.073329e-03 
46 	 7.689267e-03 
47 	 8.351337e-03 
48 	 9.062184e-03 
49 	 9.824329e-03 
50 	 1.064059e-02 
51 	 1.151379e-02 
52 	 1.244680e-02 
53 	 1.344277e-02 
54 	 1.450471e-02 
55 	 1.563595e-02 
56 	 1.683978e-02 
57 	 1.811955e-02 
58 	 1.947885e-02 
59 	 2.092107e-02 
60 	 2.244987e-02 
61 	 2.406883e-02 
62 	 2.578150e-02 
63 	 2.759162e-02 
64 	 2.950264e-02 
65 	 3.151825e-02 
66 	 3.364194e-02 
67 	 3.587712e-02 
68 	 3.822734e-02 
69 	 4.069578e-02 
70 	 4.328579e-02 
71 	 4.600049e-02 
72 	 4.884286e-02 
73 	 5.181594e-02 
74 	 5.492238e-02 
75 	 5.816494e-02 
76 	 6.154612e-02 
77 	 6.506818e-02 
78 	 6.873348e-02 
79 	 7.254385e-02 
80 	 7.650125e-02 
81 	 8.060728e-02 
82 	 8.486329e-02 
83 	 8.927066e-02 
84 	 9.383020e-02 
85 	 9.854277e-02 
86 	 1.034089e-01 
87 	 1.084287e-01 
88 	 1.136023e-01 
89 	 1.189294e-01 
90 	 1.244095e-01 
91 	 1.300418e-01 
92 	 1.358251e-01 
93 	 1.417582e-01 
94 	 1.478394e-01 
95 	 1.540668e-01 
96 	 1.604384e-01 
97 	 1.669517e-01 
98 	 1.736041e-01 
99 	 1.803925e-01 
100 	 1.873141e-01 
101 	 1.943653e-01 
102 	 2.015427e-01 
103 	 2.088425e-01 
104 	 2.162606e-01 
105 	 2.237931e-01 
106 	 2.314357e-01 
107 	 2.391839e-01 
108 	 2.470332e-01 
109 	 2.549789e-01 
110 	 2.630162e-01 
111 	 2.711403e-01 
112 	 2.793462e-01 
113 	 2.876290e-01 
114 	 2.959835e-01 
115 	 3.044047e-01 
116 	 3.128875e-01 
117 	 3.214267e-01 
118 	 3.300173e-01 
119 	 3.386541e-01 
120 	 3.473322e-01 
121 	 3.560466e-01 
122 	 3.647922e-01 
123 	 3.735644e-01 
124 	 3.823583e-01 
125 	 3.911694e-01 
126 	 3.999931e-01 
127 	 4.088250e-01 
128 	 4.176608e-01 
129 	 4.264965e-01 
130 	 4.353281e-01 
131 	 4.441519e-01 
132 	 4.529640e-01 
133 	 4.617613e-01 
134 	 4.705402e-01 
135 	 4.792978e-01 
136 	 4.880310e-01 
137 	 4.967371e-01 
138 	 5.054137e-01 
139 	 5.140581e-01 
140 	 5.226682e-01 
141 	 5.312421e-01 
142 	 5.397776e-01 
143 	 5.482733e-01 
144 	 5.567275e-01 
145 	 5.651388e-01 
146 	 5.735061e-01 
147 	 5.818283e-01 
148 	 5.901044e-01 
149 	 5.983338e-01 
150 	 6.065157e-01 
151 	 6.146498e-01 
152 	 6.227356e-01 
153 	 6.307730e-01 
154 	 6.387617e-01 
155 	 6.467020e-01 
156 	 6.545938e-01 
157 	 6.624374e-01 
158 	 6.702331e-01 
159 	 6.779813e-01 
160 	 6.856824e-01 
161 	 6.933371e-01 
162 	 7.009459e-01 
163 	 7.085096e-01 
164 	 7.160287e-01 
165 	 7.235042e-01 
166 	 7.309369e-01 
167 	 7.383275e-01 
168 	 7.456771e-01 
169 	 7.529865e-01 
170 	 7.602568e-01 
171 	 7.674888e-01 
172 	 7.746836e-01 
173 	 7.818420e-01 
174 	 7.889652e-01 
175 	 7.960541e-01 
176 	 8.031098e-01 
177 	 8.101332e-01 
178 	 8.171253e-01 
179 	 8.240871e-01 
180 	 8.310197e-01 
181 	 8.379240e-01 
182 	 8.448009e-01 
183 	 8.516515e-01 
184 	 8.584767e-01 
185 	 8.652774e-01 
186 	 8.720545e-01 
187 	 8.788088e-01 
188 	 8.855413e-01 
189 	 8.922526e-01 
190 	 8.989437e-01 
191 	 9.056153e-01 
192 	 9.122683e-01 
193 	 9.189035e-01 
194 	 9.255215e-01 
195 	 9.321231e-01 
196 	 9.387087e-01 
197 	 9.452792e-01 
198 	 9.518351e-01 
199 	 9.583769e-01 
200 	 9.649054e-01 
201 	 9.714210e-01 
202 	 9.779245e-01 
203 	 9.844163e-01 
204 	 9.908968e-01 
205 	 9.973667e-01 
206 	 1.003826e+00 
207 	 1.010276e+00 
208 	 1.016717e+00 
209 	 1.023148e+00 
210 	 1.029570e+00 
211 	 1.035985e+00 
212 	 1.042391e+00 
213 	 1.048790e+00 
214 	 1.055182e+00 
215 	 1.061566e+00 
216 	 1.067945e+00 
217 	 1.074316e+00 
218 	 1.080682e+00 
219 	 1.087043e+00 
220 	 1.093397e+00 
221 	 1.099747e+00 
222 	 1.106091e+00 
223 	 1.112430e+00 
224 	 1.118764e+00 
225 	 1.125094e+00 
226 	 1.131419e+00 
227 	 1.137740e+00 
228 	 1.144057e+00 
229 	 1.150370e+00 
230 	 1.156679e+00 
231 	 1.162985e+00 
232 	 1.169288e+00 
233 	 1.175587e+00 
234 	 1.181883e+00 
235 	 1.188176e+00 
236 	 1.194467e+00 
237 	 1.200754e+00 
238 	 1.207039e+00 
239 	 1.213322e+00 
240 	 1.219602e+00 
241 	 1.225879e+00 
242 	 1.232154e+00 
243 	 1.238427e+00 
244 	 1.244697e+00 
245 	 1.250966e+00 
246 	 1.257231e+00 
247 	 1.263495e+00 
248 	 1.269757e+00 
249 	 1.276016e+00 
250 	 1.282274e+00 
251 	 1.288530e+00 
252 	 1.294784e+00 
253 	 1.301037e+00 
254 	 1.307288e+00 
255 	 1.313537e+00 
256 	 1.319785e+00 
257 	 1.326031e+00 
258 	 1.332276e+00 
259 	 1.338520e+00 
260 	 1.344762e+00 
261 	 1.351003e+00 
262 	 1.357243e+00 
263 	 1.363482e+00 
264 	 1.369719e+00 
265 	 1.375956e+00 
266 	 1.382191e+00 
267 	 1.388424e+00 
268 	 1.394657e+00 
269 	 1.400889e+00 
270 	 1.407119e+00 
271 	 1.413348e+00 
272 	 1.419576e+00 
273 	 1.425803e+00 
274 	 1.432029e+00 
275 	 1.438254e+00 
276 	 1.444478e+00 
277 	 1.450701e+00 
278 	 1.456922e+00 
279 	 1.463143e+00 
280 	 1.469364e+00 
281 	 1.475583e+00 
282 	 1.481801e+00 
283 	 1.488019e+00 
284 	 1.494236e+00 
285 	 1.500452e+00 
286 	 1.506668e+00 
287 	 1.512883e+00 
288 	 1.519097e+00 
289 	 1.525310e+00 
290 	 1.531523e+00 
291 	 1.537736e+00 
292 	 1.543948e+00 
293 	 1.550159e+00 
294 	 1.556370e+00 
295 	 1.562580e+00 
296 	 1.568790e+00 
297 	 1.574999e+00 
298 	 1.581208e+00 
299 	 1.587417e+00 
300 	 1.593624e+00 
301 	 1.599832e+00 
302 	 1.606039e+00 
303 	 1.612246e+00 
304 	 1.618452e+00 
305 	 1.624659e+00 
306 	 1.630864e+00 
307 	 1.637070e+00 
308 	 1.643276e+00 
309 	 1.649481e+00 
310 	 1.655687e+00 
311 	 1.661892e+00 
312 	 1.668097e+00 
313 	 1.674303e+00 
314 	 1.680509e+00 
315 	 1.686715e+00 
316 	 1.692922e+00 
317 	 1.699129e+00 
318 	 1.705337e+00 
319 	 1.711545e+00 
320 	 1.717755e+00 
321 	 1.723965e+00 
322 	 1.730176e+00 
323 	 1.736389e+00 
324 	 1.742603e+00 
325 	 1.748819e+00 
326 	 1.755037e+00 
327 	 1.761257e+00 
328 	 1.767479e+00 
329 	 1.773704e+00 
330 	 1.779932e+00 
331 	 1.786162e+00 
332 	 1.792396e+00 
333 	 1.798634e+00 
334 	 1.804875e+00 
335 	 1.811122e+00 
336 	 1.817374e+00 
337 	 1.823632e+00 
338 	 1.829897e+00 
339 	 1.836169e+00 
340 	 1.842447e+00 
341 	 1.848733e+00 
342 	 1.855028e+00 
343 	 1.861331e+00 
344 	 1.867644e+00 
345 	 1.873968e+00 
346 	 1.880304e+00 
347 	 1.886654e+00 
348 	 1.893018e+00 
349 	 1.899399e+00 
350 	 1.905797e+00 
351 	 1.912214e+00 
352 	 1.918650e+00 
353 	 1.925106e+00 
354 	 1.931584e+00 
355 	 1.938083e+00 
356 	 1.944606e+00 
357 	 1.951154e+00 
358 	 1.957729e+00 
359 	 1.964332e+00 
360 	 1.970966e+00 
361 	 1.977634e+00 
362 	 1.984338e+00 
363 	 1.991081e+00 
364 	 1.997866e+00 
365 	 2.004696e+00 
366 	 2.011573e+00 
367 	 2.018500e+00 
368 	 2.025479e+00 
369 	 2.032510e+00 
370 	 2.039597e+00 
371 	 2.046741e+00 
372 	 2.053943e+00 
373 	 2.061206e+00 
374 	 2.068531e+00 
375 	 2.075921e+00 
376 	 2.083378e+00 
377 	 2.090906e+00 
378 	 2.098510e+00 
379 	 2.106192e+00 
380 	 2.113957e+00 
381 	 2.121810e+00 
382 	 2.129756e+00 
383 	 2.137800e+00 
384 	 2.145945e+00 
385 	 2.154197e+00 
386 	 2.162559e+00 
387 	 2.171035e+00 
388 	 2.179627e+00 
389 	 2.188338e+00 
390 	 2.197169e+00 
391 	 2.206123e+00 
392 	 2.215200e+00 
393 	 2.224401e+00 
394 	 2.233727e+00 
395 	 2.243177e+00 
396 	 2.252755e+00 
397 	 2.262460e+00 
398 	 2.272293e+00 
399 	 2.282258e+00 
400 	 2.292355e+00 
401 	 2.302587e+00 
402 	 2.312958e+00 
403 	 2.323471e+00 
404 	 2.334127e+00 
405 	 2.344932e+00 
406 	 2.355888e+00 
407 	 2.366998e+00 
408 	 2.378265e+00 
409 	 2.389690e+00 
410 	 2.401276e+00 
411 	 2.413023e+00 
412 	 2.424932e+00 
413 	 2.437002e+00 
414 	 2.449231e+00 
415 	 2.461618e+00 
416 	 2.474161e+00 
417 	 2.486856e+00 
418 	 2.499700e+00 
419 	 2.512688e+00 
420 	 2.525817e+00 
421 	 2.539082e+00 
422 	 2.552479e+00 
423 	 2.566001e+00 
424 	 2.579646e+00 
425 	 2.593408e+00 
426 	 2.607282e+00 
427 	 2.621266e+00 
428 	 2.635355e+00 
429 	 2.649545e+00 
430 	 2.663833e+00 
431 	 2.678214e+00 
432 	 2.692685e+00 
433 	 2.707242e+00 
434 	 2.721882e+00 
435 	 2.736601e+00 
436 	 2.751397e+00 
437 	 2.766265e+00 
438 	 2.781204e+00 
439 	 2.796208e+00 
440 	 2.811274e+00 
441 	 2.826400e+00 
442 	 2.841579e+00 
443 	 2.856809e+00 
444 	 2.872085e+00 
445 	 2.887401e+00 
446 	 2.902755e+00 
447 	 2.918141e+00 
448 	 2.933555e+00 
449 	 2.948994e+00 
450 	 2.964452e+00 
451 	 2.979926e+00 
452 	 2.995412e+00 
453 	 3.010904e+00 
454 	 3.026401e+00 
455 	 3.041896e+00 
456 	 3.057387e+00 
457 	 3.072868e+00 
458 	 3.088336e+00 
459 	 3.103787e+00 
460 	 3.119218e+00 
461 	 3.134625e+00 
462 	 3.150004e+00 
463 	 3.165354e+00 
464 	 3.180670e+00 
465 	 3.195952e+00 
466 	 3.211196e+00 
467 	 3.226400e+00 
468 	 3.241562e+00 
469 	 3.256680e+00 
470 	 3.271753e+00 
471 	 3.286778e+00 
472 	 3.301753e+00 
473 	 3.316678e+00 
474 	 3.331549e+00 
475 	 3.346367e+00 
476 	 3.361129e+00 
477 	 3.375835e+00 
478 	 3.390484e+00 
479 	 3.405075e+00 
480 	 3.419607e+00 
481 	 3.434081e+00 
482 	 3.448496e+00 
483 	 3.462853e+00 
484 	 3.477151e+00 
485 	 3.491391e+00 
486 	 3.505574e+00 
487 	 3.519700e+00 
488 	 3.533770e+00 
489 	 3.547783e+00 
490 	 3.561740e+00 
491 	 3.575642e+00 
492 	 3.589488e+00 
493 	 3.603280e+00 
494 	 3.617018e+00 
495 	 3.630703e+00 
496 	 3.644334e+00 
497 	 3.657912e+00 
498 	 3.671439e+00 
499 	 3.684915e+00 
500 	 3.698341e+00 
501 	 3.711731e+00 
502 	 3.725073e+00 
503 	 3.738369e+00 
504 	 3.751619e+00 
505 	 3.764825e+00 
506 	 3.777989e+00 
507 	 3.791112e+00 
508 	 3.804194e+00 
509 	 3.817237e+00 
510 	 3.830242e+00 
511 	 3.843210e+00 
512 	 3.856142e+00 
513 	 3.869038e+00 
514 	 3.881899e+00 
515 	 3.894728e+00 
516 	 3.907523e+00 
517 	 3.920285e+00 
518 	 3.933015e+00 
519 	 3.945711e+00 
520 	 3.958376e+00 
521 	 3.971010e+00 
522 	 3.983614e+00 
523 	 3.996190e+00 
524 	 4.008739e+00 
525 	 4.021260e+00 
526 	 4.033754e+00 
527 	 4.046221e+00 
528 	 4.058663e+00 
529 	 4.071081e+00 
530 	 4.083476e+00 
531 	 4.095849e+00 
532 	 4.108203e+00 
533 	 4.120537e+00 
534 	 4.132853e+00 
535 	 4.145152e+00 
536 	 4.157434e+00 
537 	 4.169700e+00 
538 	 4.181950e+00 
539 	 4.194184e+00 
540 	 4.206403e+00 
541 	 4.218608e+00 
542 	 4.230799e+00 
543 	 4.242977e+00 
544 	 4.255144e+00 
545 	 4.267298e+00 
546 	 4.279442e+00 
547 	 4.291575e+00 
548 	 4.303698e+00 
549 	 4.315811e+00 
550 	 4.327916e+00 
551 	 4.340012e+00 
552 	 4.352100e+00 
553 	 4.364182e+00 
554 	 4.376258e+00 
555 	 4.388330e+00 
556 	 4.400399e+00 
557 	 4.412467e+00 
558 	 4.424536e+00 
559 	 4.436606e+00 
560 	 4.448680e+00 
561 	 4.460759e+00 
562 	 4.472845e+00 
563 	 4.484939e+00 
564 	 4.497042e+00 
565 	 4.509156e+00 
566 	 4.521281e+00 
567 	 4.533419e+00 
568 	 4.545570e+00 
569 	 4.557738e+00 
570 	 4.569922e+00 
571 	 4.582124e+00 
572 	 4.594347e+00 
573 	 4.606591e+00 
574 	 4.618859e+00 
575 	 4.631154e+00 
576 	 4.643475e+00 
577 	 4.655826e+00 
578 	 4.668208e+00 
579 	 4.680621e+00 
580 	 4.693066e+00 
581 	 4.705546e+00 
582 	 4.718060e+00 
583 	 4.730609e+00 
584 	 4.743195e+00 
585 	 4.755818e+00 
586 	 4.768480e+00 
587 	 4.781183e+00 
588 	 4.793927e+00 
589 	 4.806716e+00 
590 	 4.819552e+00 
591 	 4.832437e+00 
592 	 4.845375e+00 
593 	 4.858367e+00 
594 	 4.871415e+00 
595 	 4.884521e+00 
596 	 4.897688e+00 
597 	 4.910915e+00 
598 	 4.924204e+00 
599 	 4.937555e+00 
600 	 4.950967e+00 
601 	 4.964442e+00 
602 	 4.977978e+00 
603 	 4.991576e+00 
604 	 5.005235e+00 
605 	 5.018958e+00 
606 	 5.032744e+00 
607 	 5.046594e+00 
608 	 5.060510e+00 
609 	 5.074494e+00 
610 	 5.088547e+00 
611 	 5.102673e+00 
612 	 5.116871e+00 
613 	 5.131144e+00 
614 	 5.145493e+00 
615 	 5.159918e+00 
616 	 5.174420e+00 
617 	 5.188998e+00 
618 	 5.203651e+00 
619 	 5.218378e+00 
620 	 5.233177e+00 
621 	 5.248046e+00 
622 	 5.262983e+00 
623 	 5.277986e+00 
624 	 5.293053e+00 
625 	 5.308182e+00 
626 	 5.323373e+00 
627 	 5.338623e+00 
628 	 5.353933e+00 
629 	 5.369302e+00 
630 	 5.384730e+00 
631 	 5.400217e+00 
632 	 5.415764e+00 
633 	 5.431371e+00 
634 	 5.447038e+00 
635 	 5.462765e+00 
636 	 5.478551e+00 
637 	 5.494396e+00 
638 	 5.510299e+00 
639 	 5.526258e+00 
640 	 5.542271e+00 
641 	 5.558336e+00 
642 	 5.574451e+00 
643 	 5.590611e+00 
644 	 5.606815e+00 
645 	 5.623059e+00 
646 	 5.639339e+00 
647 	 5.655654e+00 
648 	 5.671999e+00 
649 	 5.688372e+00 
650 	 5.704771e+00 
651 	 5.721192e+00 
652 	 5.737633e+00 
653 	 5.754093e+00 
654 	 5.770570e+00 
655 	 5.787062e+00 
656 	 5.803567e+00 
657 	 5.820085e+00 
658 	 5.836614e+00 
659 	 5.853152e+00 
660 	 5.869699e+00 
661 	 5.886252e+00 
662 	 5.902809e+00 
663 	 5.919369e+00 
664 	 5.935930e+00 
665 	 5.952488e+00 
666 	 5.969041e+00 
667 	 5.985587e+00 
668 	 6.002124e+00 
669 	 6.018648e+00 
670 	 6.035154e+00 
671 	 6.051640e+00 
672 	 6.068101e+00 
673 	 6.084534e+00 
674 	 6.100939e+00 
675 	 6.117314e+00 
676 	 6.133655e+00 
677 	 6.149959e+00 
678 	 6.166219e+00 
679 	 6.182431e+00 
680 	 6.198593e+00 
681 	 6.214706e+00 
682 	 6.230771e+00 
683 	 6.246788e+00 
684 	 6.262755e+00 
685 	 6.278668e+00 
686 	 6.294527e+00 
687 	 6.310330e+00 
688 	 6.326078e+00 
689 	 6.341769e+00 
690 	 6.357400e+00 
691 	 6.372971e+00 
692 	 6.388484e+00 
693 	 6.403941e+00 
694 	 6.419341e+00 
695 	 6.434683e+00 
696 	 6.449968e+00 
697 	 6.465194e+00 
698 	 6.480364e+00 
699 	 6.495474e+00 
700 	 6.510523e+00 
701 	 6.525509e+00 
702 	 6.540431e+00 
703 	 6.555289e+00 
704 	 6.570082e+00 
705 	 6.584809e+00 
706 	 6.599469e+00 
707 	 6.614064e+00 
708 	 6.628595e+00 
709 	 6.643063e+00 
710 	 6.657467e+00 
711 	 6.671810e+00 
712 	 6.686095e+00 
713 	 6.700321e+00 
714 	 6.714491e+00 
715 	 6.728606e+00 
716 	 6.742667e+00 
717 	 6.756678e+00 
718 	 6.770639e+00 
719 	 6.784551e+00 
720 	 6.798416e+00 
721 	 6.812238e+00 
722 	 6.826017e+00 
723 	 6.839754e+00 
724 	 6.853452e+00 
725 	 6.867113e+00 
726 	 6.880739e+00 
727 	 6.894331e+00 
728 	 6.907891e+00 
729 	 6.921421e+00 
730 	 6.934924e+00 
731 	 6.948399e+00 
732 	 6.961848e+00 
733 	 6.975273e+00 
734 	 6.988676e+00 
735 	 7.002056e+00 
736 	 7.015414e+00 
737 	 7.028751e+00 
738 	 7.042068e+00 
739 	 7.055366e+00 
740 	 7.068644e+00 
741 	 7.081903e+00 
742 	 7.095144e+00 
743 	 7.108366e+00 
744 	 7.121571e+00 
745 	 7.134758e+00 
746 	 7.147929e+00 
747 	 7.161084e+00 
748 	 7.174223e+00 
749 	 7.187348e+00 
750 	 7.200459e+00 
751 	 7.213557e+00 
752 	 7.226643e+00 
753 	 7.239717e+00 
754 	 7.252782e+00 
755 	 7.265837e+00 
756 	 7.278883e+00 
757 	 7.291922e+00 
758 	 7.304953e+00 
759 	 7.317978e+00 
760 	 7.330996e+00 
761 	 7.344009e+00 
762 	 7.357017e+00 
763 	 7.370019e+00 
764 	 7.383017e+00 
765 	 7.396009e+00 
766 	 7.408997e+00 
767 	 7.421981e+00 
768 	 7.434959e+00 
769 	 7.447933e+00 
770 	 7.460903e+00 
771 	 7.473867e+00 
772 	 7.486826e+00 
773 	 7.499780e+00 
774 	 7.512728e+00 
775 	 7.525671e+00 
776 	 7.538608e+00 
777 	 7.551539e+00 
778 	 7.564464e+00 
779 	 7.577383e+00 
780 	 7.590295e+00 
781 	 7.603201e+00 
782 	 7.616100e+00 
783 	 7.628992e+00 
784 	 7.641878e+00 
785 	 7.654756e+00 
786 	 7.667626e+00 
787 	 7.680489e+00 
788 	 7.693345e+00 
789 	 7.706192e+00 
790 	 7.719031e+00 
791 	 7.731863e+00 
792 	 7.744686e+00 
793 	 7.757501e+00 
794 	 7.770307e+00 
795 	 7.783104e+00 
796 	 7.795893e+00 
797 	 7.808673e+00 
798 	 7.821443e+00 
799 	 7.834204e+00 
800 	 7.846955e+00 
801 	 7.859697e+00 
802 	 7.872428e+00 
803 	 7.885149e+00 
804 	 7.897860e+00 
805 	 7.910560e+00 
806 	 7.923250e+00 
807 	 7.935928e+00 
808 	 7.948595e+00 
809 	 7.961250e+00 
810 	 7.973894e+00 
811 	 7.986526e+00 
812 	 7.999145e+00 
813 	 8.011752e+00 
814 	 8.024347e+00 
815 	 8.036928e+00 
816 	 8.049495e+00 
817 	 8.062049e+00 
818 	 8.074589e+00 
819 	 8.087114e+00 
820 	 8.099625e+00 
821 	 8.112121e+00 
822 	 8.124601e+00 
823 	 8.137067e+00 
824 	 8.149516e+00 
825 	 8.161949e+00 
826 	 8.174366e+00 
827 	 8.186767e+00 
828 	 8.199150e+00 
829 	 8.211517e+00 
830 	 8.223866e+00 
831 	 8.236197e+00 
832 	 8.248510e+00 
833 	 8.260804e+00 
834 	 8.273079e+00 
835 	 8.285335e+00 
836 	 8.297571e+00 
837 	 8.309787e+00 
838 	 8.321983e+00 
839 	 8.334158e+00 
840 	 8.346312e+00 
841 	 8.358444e+00 
842 	 8.370554e+00 
843 	 8.382643e+00 
844 	 8.394710e+00 
845 	 8.406755e+00 
846 	 8.418779e+00 
847 	 8.430781e+00 
848 	 8.442762e+00 
849 	 8.454720e+00 
850 	 8.466656e+00 
851 	 8.478571e+00 
852 	 8.490465e+00 
853 	 8.502338e+00 
854 	 8.514191e+00 
855 	 8.526024e+00 
856 	 8.537837e+00 
857 	 8.549632e+00 
858 	 8.561408e+00 
859 	 8.573165e+00 
860 	 8.584905e+00 
861 	 8.596627e+00 
862 	 8.608333e+00 
863 	 8.620023e+00 
864 	 8.631699e+00 
865 	 8.643361e+00 
866 	 8.655009e+00 
867 	 8.666645e+00 
868 	 8.678268e+00 
869 	 8.689881e+00 
870 	 8.701482e+00 
871 	 8.713072e+00 
872 	 8.724653e+00 
873 	 8.736224e+00 
874 	 8.747788e+00 
875 	 8.759345e+00 
876 	 8.770896e+00 
877 	 8.782442e+00 
878 	 8.793984e+00 
879 	 8.805522e+00 
880 	 8.817058e+00 
881 	 8.828592e+00 
882 	 8.840124e+00 
883 	 8.851655e+00 
884 	 8.863187e+00 
885 	 8.874720e+00 
886 	 8.886256e+00 
887 	 8.897796e+00 
888 	 8.909343e+00 
889 	 8.920898e+00 
890 	 8.932461e+00 
891 	 8.944034e+00 
892 	 8.955619e+00 
893 	 8.967215e+00 
894 	 8.978824e+00 
895 	 8.990448e+00 
896 	 9.002087e+00 
897 	 9.013741e+00 
898 	 9.025414e+00 
899 	 9.037108e+00 
900 	 9.048825e+00 
901 	 9.060564e+00 
902 	 9.072329e+00 
903 	 9.084121e+00 
904 	 9.095942e+00 
905 	 9.107792e+00 
906 	 9.119670e+00 
907 	 9.131579e+00 
908 	 9.143519e+00 
909 	 9.155492e+00 
910 	 9.167497e+00 
911 	 9.179538e+00 
912 	 9.191617e+00 
913 	 9.203737e+00 
914 	 9.215899e+00 
915 	 9.228109e+00 
916 	 9.240366e+00 
917 	 9.252676e+00 
918 	 9.265039e+00 
919 	 9.277456e+00 
920 	 9.289929e+00 
921 	 9.302459e+00 
922 	 9.315045e+00 
923 	 9.327689e+00 
924 	 9.340390e+00 
925 	 9.353148e+00 
926 	 9.365965e+00 
927 	 9.378843e+00 
928 	 9.391784e+00 
929 	 9.404787e+00 
930 	 9.417856e+00 
931 	 9.430993e+00 
932 	 9.444198e+00 
933 	 9.457474e+00 
934 	 9.470820e+00 
935 	 9.484236e+00 
936 	 9.497724e+00 
937 	 9.511283e+00 
938 	 9.524911e+00 
939 	 9.538609e+00 
940 	 9.552377e+00 
941 	 9.566214e+00 
942 	 9.580122e+00 
943 	 9.594102e+00 
944 	 9.608156e+00 
945 	 9.622287e+00 
946 	 9.636497e+00 
947 	 9.650786e+00 
948 	 9.665158e+00 
949 	 9.679613e+00 
950 	 9.694149e+00 
951 	 9.708766e+00 
952 	 9.723466e+00 
953 	 9.738247e+00 
954 	 9.753106e+00 
955 	 9.768040e+00 
956 	 9.783049e+00 
957 	 9.798130e+00 
958 	 9.813281e+00 
959 	 9.828501e+00 
960 	 9.843788e+00 
961 	 9.859144e+00 
962 	 9.874567e+00 
963 	 9.890058e+00 
964 	 9.905618e+00 
965 	 9.921247e+00 
966 	 9.936943e+00 
967 	 9.952707e+00 
968 	 9.968536e+00 
969 	 9.984428e+00 
970 	 1.000038e+01 
971 	 1.001639e+01 
972 	 1.003245e+01 
973 	 1.004856e+01 
974 	 1.006472e+01 
975 	 1.008092e+01 
976 	 1.009715e+01 
977 	 1.011343e+01 
978 	 1.012974e+01 
979 	 1.014608e+01 
980 	 1.016245e+01 
981 	 1.017886e+01 
982 	 1.019529e+01 
983 	 1.021175e+01 
984 	 1.022824e+01 
985 	 1.024475e+01 
986 	 1.026129e+01 
987 	 1.027784e+01 
988 	 1.029441e+01 
989 	 1.031099e+01 
990 	 1.032758e+01 
991 	 1.034417e+01 
992 	 1.036076e+01 
993 	 1.037735e+01 
994 	 1.039392e+01 
995 	 1.041048e+01 
996 	 1.042702e+01 
997 	 1.044353e+01 
998 	 1.046003e+01 
999 	 1.047650e+01 
1000 	 1.049294e+01 
