1 	 -6.849890e-06 	 2.196537e-01 
2 	 -1.373071e-05 	 2.196534e-01 
3 	 -2.068086e-05 	 2.196534e-01 
4 	 -2.772304e-05 	 2.196532e-01 
5 	 -3.486844e-05 	 2.196531e-01 
6 	 -4.212496e-05 	 2.196530e-01 
7 	 -4.949271e-05 	 2.196529e-01 
8 	 -5.699682e-05 	 2.196530e-01 
9 	 -6.469283e-05 	 2.196530e-01 
10 	 -7.267819e-05 	 2.196531e-01 
11 	 -8.111738e-05 	 2.196533e-01 
12 	 -9.022602e-05 	 2.196535e-01 
13 	 -1.002854e-04 	 2.196538e-01 
14 	 -1.116299e-04 	 2.196540e-01 
15 	 -1.246272e-04 	 2.196544e-01 
16 	 -1.396799e-04 	 2.196547e-01 
17 	 -1.571906e-04 	 2.196551e-01 
18 	 -1.775602e-04 	 2.196555e-01 
19 	 -2.011699e-04 	 2.196558e-01 
20 	 -2.283665e-04 	 2.196562e-01 
21 	 -2.594689e-04 	 2.196566e-01 
22 	 -2.947513e-04 	 2.196569e-01 
23 	 -3.344599e-04 	 2.196574e-01 
24 	 -3.788113e-04 	 2.196577e-01 
25 	 -4.280010e-04 	 2.196581e-01 
26 	 -4.822241e-04 	 2.196584e-01 
27 	 -5.416721e-04 	 2.196588e-01 
28 	 -6.065616e-04 	 2.196593e-01 
29 	 -6.771354e-04 	 2.196596e-01 
30 	 -7.536738e-04 	 2.196601e-01 
31 	 -8.365145e-04 	 2.196606e-01 
32 	 -9.260403e-04 	 2.196610e-01 
33 	 -1.022704e-03 	 2.196617e-01 
34 	 -1.127016e-03 	 2.196621e-01 
35 	 -1.239547e-03 	 2.196628e-01 
36 	 -1.360935e-03 	 2.196633e-01 
37 	 -1.491858e-03 	 2.196638e-01 
38 	 -1.633056e-03 	 2.196644e-01 
39 	 -1.785300e-03 	 2.196648e-01 
40 	 -1.949391e-03 	 2.196652e-01 
41 	 -2.126162e-03 	 2.196654e-01 
42 	 -2.316447e-03 	 2.196654e-01 
43 	 -2.521098e-03 	 2.196654e-01 
44 	 -2.740963e-03 	 2.196649e-01 
45 	 -2.976881e-03 	 2.196642e-01 
46 	 -3.229695e-03 	 2.196631e-01 
47 	 -3.500225e-03 	 2.196615e-01 
48 	 -3.789292e-03 	 2.196596e-01 
49 	 -4.097702e-03 	 2.196568e-01 
50 	 -4.426252e-03 	 2.196535e-01 
51 	 -4.775744e-03 	 2.196494e-01 
52 	 -5.146960e-03 	 2.196443e-01 
53 	 -5.540697e-03 	 2.196384e-01 
54 	 -5.957741e-03 	 2.196310e-01 
55 	 -6.398878e-03 	 2.196225e-01 
56 	 -6.864905e-03 	 2.196125e-01 
57 	 -7.356599e-03 	 2.196007e-01 
58 	 -7.874746e-03 	 2.195873e-01 
59 	 -8.420114e-03 	 2.195715e-01 
60 	 -8.993453e-03 	 2.195536e-01 
61 	 -9.595504e-03 	 2.195331e-01 
62 	 -1.022696e-02 	 2.195096e-01 
63 	 -1.088850e-02 	 2.194833e-01 
64 	 -1.158073e-02 	 2.194532e-01 
65 	 -1.230422e-02 	 2.194196e-01 
66 	 -1.305950e-02 	 2.193818e-01 
67 	 -1.384699e-02 	 2.193394e-01 
68 	 -1.466708e-02 	 2.192924e-01 
69 	 -1.552004e-02 	 2.192398e-01 
70 	 -1.640609e-02 	 2.191818e-01 
71 	 -1.732535e-02 	 2.191176e-01 
72 	 -1.827783e-02 	 2.190467e-01 
73 	 -1.926349e-02 	 2.189692e-01 
74 	 -2.028216e-02 	 2.188839e-01 
75 	 -2.133356e-02 	 2.187909e-01 
76 	 -2.241736e-02 	 2.186895e-01 
77 	 -2.353307e-02 	 2.185790e-01 
78 	 -2.468016e-02 	 2.184597e-01 
79 	 -2.585794e-02 	 2.183302e-01 
80 	 -2.706565e-02 	 2.181909e-01 
81 	 -2.830243e-02 	 2.180408e-01 
82 	 -2.956728e-02 	 2.178796e-01 
83 	 -3.085912e-02 	 2.177074e-01 
84 	 -3.217677e-02 	 2.175230e-01 
85 	 -3.351889e-02 	 2.173268e-01 
86 	 -3.488410e-02 	 2.171182e-01 
87 	 -3.627083e-02 	 2.168968e-01 
88 	 -3.767748e-02 	 2.166631e-01 
89 	 -3.910226e-02 	 2.164159e-01 
90 	 -4.054333e-02 	 2.161560e-01 
91 	 -4.199871e-02 	 2.158831e-01 
92 	 -4.346632e-02 	 2.155969e-01 
93 	 -4.494398e-02 	 2.152982e-01 
94 	 -4.642943e-02 	 2.149865e-01 
95 	 -4.792027e-02 	 2.146626e-01 
96 	 -4.941408e-02 	 2.143267e-01 
97 	 -5.090828e-02 	 2.139790e-01 
98 	 -5.240028e-02 	 2.136207e-01 
99 	 -5.388740e-02 	 2.132516e-01 
100 	 -5.536689e-02 	 2.128731e-01 
101 	 -5.683599e-02 	 2.124857e-01 
102 	 -5.829186e-02 	 2.120902e-01 
103 	 -5.973165e-02 	 2.116883e-01 
104 	 -6.115247e-02 	 2.112800e-01 
105 	 -6.255141e-02 	 2.108675e-01 
106 	 -6.392558e-02 	 2.104515e-01 
107 	 -6.527208e-02 	 2.100334e-01 
108 	 -6.658800e-02 	 2.096151e-01 
109 	 -6.787048e-02 	 2.091972e-01 
110 	 -6.911664e-02 	 2.087822e-01 
111 	 -7.032367e-02 	 2.083712e-01 
112 	 -7.148877e-02 	 2.079657e-01 
113 	 -7.260923e-02 	 2.075681e-01 
114 	 -7.368235e-02 	 2.071792e-01 
115 	 -7.470551e-02 	 2.068014e-01 
116 	 -7.567617e-02 	 2.064363e-01 
117 	 -7.659186e-02 	 2.060854e-01 
118 	 -7.745021e-02 	 2.057509e-01 
119 	 -7.824893e-02 	 2.054338e-01 
120 	 -7.898584e-02 	 2.051363e-01 
121 	 -7.965889e-02 	 2.048599e-01 
122 	 -8.026612e-02 	 2.046057e-01 
123 	 -8.080573e-02 	 2.043757e-01 
124 	 -8.127604e-02 	 2.041707e-01 
125 	 -8.167550e-02 	 2.039923e-01 
126 	 -8.200274e-02 	 2.038414e-01 
127 	 -8.225652e-02 	 2.037188e-01 
128 	 -8.243577e-02 	 2.036257e-01 
129 	 -8.253959e-02 	 2.035623e-01 
130 	 -8.256725e-02 	 2.035295e-01 
131 	 -8.251818e-02 	 2.035275e-01 
132 	 -8.239199e-02 	 2.035562e-01 
133 	 -8.218848e-02 	 2.036161e-01 
134 	 -8.190761e-02 	 2.037064e-01 
135 	 -8.154953e-02 	 2.038272e-01 
136 	 -8.111456e-02 	 2.039779e-01 
137 	 -8.060321e-02 	 2.041576e-01 
138 	 -8.001617e-02 	 2.043659e-01 
139 	 -7.935428e-02 	 2.046012e-01 
140 	 -7.861857e-02 	 2.048628e-01 
141 	 -7.781024e-02 	 2.051493e-01 
142 	 -7.693065e-02 	 2.054591e-01 
143 	 -7.598134e-02 	 2.057912e-01 
144 	 -7.496396e-02 	 2.061433e-01 
145 	 -7.388037e-02 	 2.065142e-01 
146 	 -7.273253e-02 	 2.069021e-01 
147 	 -7.152257e-02 	 2.073048e-01 
148 	 -7.025275e-02 	 2.077209e-01 
149 	 -6.892549e-02 	 2.081481e-01 
150 	 -6.754334e-02 	 2.085848e-01 
151 	 -6.610895e-02 	 2.090289e-01 
152 	 -6.462498e-02 	 2.094783e-01 
153 	 -6.309411e-02 	 2.099315e-01 
154 	 -6.151897e-02 	 2.103861e-01 
155 	 -5.990230e-02 	 2.108410e-01 
156 	 -5.824720e-02 	 2.112943e-01 
157 	 -5.655738e-02 	 2.117445e-01 
158 	 -5.483720e-02 	 2.121901e-01 
159 	 -5.309115e-02 	 2.126290e-01 
160 	 -5.132276e-02 	 2.130591e-01 
161 	 -4.953355e-02 	 2.134784e-01 
162 	 -4.772278e-02 	 2.138853e-01 
163 	 -4.588898e-02 	 2.142802e-01 
164 	 -4.403295e-02 	 2.146642e-01 
165 	 -4.216088e-02 	 2.150389e-01 
166 	 -4.028487e-02 	 2.154042e-01 
167 	 -3.841936e-02 	 2.157574e-01 
168 	 -3.657456e-02 	 2.160932e-01 
169 	 -3.475063e-02 	 2.164062e-01 
170 	 -3.293739e-02 	 2.166946e-01 
171 	 -3.112072e-02 	 2.169609e-01 
172 	 -2.929200e-02 	 2.172114e-01 
173 	 -2.745394e-02 	 2.174516e-01 
174 	 -2.561853e-02 	 2.176827e-01 
175 	 -2.379915e-02 	 2.179018e-01 
176 	 -2.200406e-02 	 2.181050e-01 
177 	 -2.023649e-02 	 2.182911e-01 
178 	 -1.850019e-02 	 2.184626e-01 
179 	 -1.680318e-02 	 2.186220e-01 
180 	 -1.515482e-02 	 2.187687e-01 
181 	 -1.355886e-02 	 2.188992e-01 
182 	 -1.201022e-02 	 2.190106e-01 
183 	 -1.049933e-02 	 2.191045e-01 
184 	 -9.019614e-03 	 2.191849e-01 
185 	 -7.569909e-03 	 2.192549e-01 
186 	 -6.149983e-03 	 2.193137e-01 
187 	 -4.755751e-03 	 2.193594e-01 
188 	 -3.380928e-03 	 2.193929e-01 
189 	 -2.023390e-03 	 2.194183e-01 
190 	 -6.881195e-04 	 2.194393e-01 
191 	 6.171229e-04 	 2.194556e-01 
192 	 1.887759e-03 	 2.194652e-01 
193 	 3.122397e-03 	 2.194681e-01 
194 	 4.317699e-03 	 2.194675e-01 
195 	 5.466046e-03 	 2.194660e-01 
196 	 6.559845e-03 	 2.194629e-01 
197 	 7.596766e-03 	 2.194557e-01 
198 	 8.578828e-03 	 2.194441e-01 
199 	 9.507197e-03 	 2.194308e-01 
200 	 1.038054e-02 	 2.194173e-01 
201 	 1.119913e-02 	 2.194019e-01 
202 	 1.196809e-02 	 2.193825e-01 
203 	 1.269455e-02 	 2.193597e-01 
204 	 1.338297e-02 	 2.193357e-01 
205 	 1.403545e-02 	 2.193112e-01 
206 	 1.465578e-02 	 2.192841e-01 
207 	 1.525036e-02 	 2.192537e-01 
208 	 1.582419e-02 	 2.192217e-01 
209 	 1.637842e-02 	 2.191901e-01 
210 	 1.691309e-02 	 2.191584e-01 
211 	 1.743032e-02 	 2.191249e-01 
212 	 1.793265e-02 	 2.190907e-01 
213 	 1.841966e-02 	 2.190578e-01 
214 	 1.888859e-02 	 2.190269e-01 
215 	 1.933813e-02 	 2.189964e-01 
216 	 1.976893e-02 	 2.189662e-01 
217 	 2.018051e-02 	 2.189378e-01 
218 	 2.057014e-02 	 2.189124e-01 
219 	 2.093578e-02 	 2.188889e-01 
220 	 2.127795e-02 	 2.188662e-01 
221 	 2.159756e-02 	 2.188450e-01 
222 	 2.189374e-02 	 2.188267e-01 
223 	 2.216553e-02 	 2.188106e-01 
224 	 2.241419e-02 	 2.187952e-01 
225 	 2.264197e-02 	 2.187807e-01 
226 	 2.284977e-02 	 2.187683e-01 
227 	 2.303775e-02 	 2.187575e-01 
228 	 2.320757e-02 	 2.187472e-01 
229 	 2.336187e-02 	 2.187372e-01 
230 	 2.350215e-02 	 2.187285e-01 
231 	 2.362892e-02 	 2.187209e-01 
232 	 2.374356e-02 	 2.187135e-01 
233 	 2.384824e-02 	 2.187061e-01 
234 	 2.394421e-02 	 2.186995e-01 
235 	 2.403170e-02 	 2.186937e-01 
236 	 2.411154e-02 	 2.186880e-01 
237 	 2.418522e-02 	 2.186823e-01 
238 	 2.425348e-02 	 2.186771e-01 
239 	 2.431622e-02 	 2.186727e-01 
240 	 2.437386e-02 	 2.186683e-01 
241 	 2.442740e-02 	 2.186638e-01 
242 	 2.447722e-02 	 2.186599e-01 
243 	 2.452308e-02 	 2.186566e-01 
244 	 2.456524e-02 	 2.186533e-01 
245 	 2.460446e-02 	 2.186499e-01 
246 	 2.464094e-02 	 2.186471e-01 
247 	 2.467446e-02 	 2.186446e-01 
248 	 2.470528e-02 	 2.186421e-01 
249 	 2.473402e-02 	 2.186395e-01 
250 	 2.476078e-02 	 2.186374e-01 
251 	 2.478538e-02 	 2.186356e-01 
252 	 2.480812e-02 	 2.186338e-01 
253 	 2.482948e-02 	 2.186320e-01 
254 	 2.484949e-02 	 2.186304e-01 
255 	 2.486798e-02 	 2.186289e-01 
256 	 2.488527e-02 	 2.186270e-01 
257 	 2.490170e-02 	 2.186252e-01 
258 	 2.491720e-02 	 2.186239e-01 
259 	 2.493164e-02 	 2.186228e-01 
260 	 2.494532e-02 	 2.186218e-01 
261 	 2.495848e-02 	 2.186208e-01 
262 	 2.497096e-02 	 2.186198e-01 
263 	 2.498273e-02 	 2.186185e-01 
264 	 2.499408e-02 	 2.186169e-01 
265 	 2.500516e-02 	 2.186153e-01 
266 	 2.501582e-02 	 2.186141e-01 
267 	 2.502608e-02 	 2.186130e-01 
268 	 2.503625e-02 	 2.186120e-01 
269 	 2.504639e-02 	 2.186110e-01 
270 	 2.505635e-02 	 2.186101e-01 
271 	 2.506625e-02 	 2.186090e-01 
272 	 2.507635e-02 	 2.186077e-01 
273 	 2.508669e-02 	 2.186065e-01 
274 	 2.509715e-02 	 2.186053e-01 
275 	 2.510794e-02 	 2.186037e-01 
276 	 2.511935e-02 	 2.186017e-01 
277 	 2.513139e-02 	 2.185996e-01 
278 	 2.514404e-02 	 2.185975e-01 
279 	 2.515762e-02 	 2.185952e-01 
280 	 2.517243e-02 	 2.185928e-01 
281 	 2.518844e-02 	 2.185904e-01 
282 	 2.520570e-02 	 2.185876e-01 
283 	 2.522459e-02 	 2.185846e-01 
284 	 2.524541e-02 	 2.185815e-01 
285 	 2.526814e-02 	 2.185786e-01 
286 	 2.529304e-02 	 2.185752e-01 
287 	 2.532069e-02 	 2.185710e-01 
288 	 2.535132e-02 	 2.185664e-01 
289 	 2.538488e-02 	 2.185615e-01 
290 	 2.542183e-02 	 2.185557e-01 
291 	 2.546276e-02 	 2.185490e-01 
292 	 2.550780e-02 	 2.185416e-01 
293 	 2.555716e-02 	 2.185330e-01 
294 	 2.561162e-02 	 2.185233e-01 
295 	 2.567173e-02 	 2.185130e-01 
296 	 2.573747e-02 	 2.185019e-01 
297 	 2.580928e-02 	 2.184893e-01 
298 	 2.588808e-02 	 2.184753e-01 
299 	 2.597425e-02 	 2.184611e-01 
300 	 2.606794e-02 	 2.184462e-01 
301 	 2.617005e-02 	 2.184298e-01 
302 	 2.628144e-02 	 2.184122e-01 
303 	 2.640210e-02 	 2.183937e-01 
304 	 2.653249e-02 	 2.183740e-01 
305 	 2.667383e-02 	 2.183528e-01 
306 	 2.682669e-02 	 2.183303e-01 
307 	 2.699109e-02 	 2.183060e-01 
308 	 2.716799e-02 	 2.182790e-01 
309 	 2.735845e-02 	 2.182502e-01 
310 	 2.756248e-02 	 2.182197e-01 
311 	 2.778051e-02 	 2.181862e-01 
312 	 2.801396e-02 	 2.181490e-01 
313 	 2.826334e-02 	 2.181095e-01 
314 	 2.852848e-02 	 2.180677e-01 
315 	 2.881036e-02 	 2.180219e-01 
316 	 2.911015e-02 	 2.179724e-01 
317 	 2.942772e-02 	 2.179202e-01 
318 	 2.976335e-02 	 2.178646e-01 
319 	 3.011845e-02 	 2.178052e-01 
320 	 3.049328e-02 	 2.177426e-01 
321 	 3.088741e-02 	 2.176762e-01 
322 	 3.130191e-02 	 2.176055e-01 
323 	 3.173779e-02 	 2.175317e-01 
324 	 3.219441e-02 	 2.174548e-01 
325 	 3.267188e-02 	 2.173726e-01 
326 	 3.317143e-02 	 2.172857e-01 
327 	 3.369292e-02 	 2.171959e-01 
328 	 3.423570e-02 	 2.171020e-01 
329 	 3.480084e-02 	 2.170019e-01 
330 	 3.538889e-02 	 2.168968e-01 
331 	 3.599873e-02 	 2.167877e-01 
332 	 3.663044e-02 	 2.166728e-01 
333 	 3.728490e-02 	 2.165518e-01 
334 	 3.796103e-02 	 2.164255e-01 
335 	 3.865777e-02 	 2.162932e-01 
336 	 3.937605e-02 	 2.161545e-01 
337 	 4.011589e-02 	 2.160101e-01 
338 	 4.087604e-02 	 2.158590e-01 
339 	 4.165698e-02 	 2.156996e-01 
340 	 4.245921e-02 	 2.155338e-01 
341 	 4.328097e-02 	 2.153622e-01 
342 	 4.412133e-02 	 2.151819e-01 
343 	 4.498095e-02 	 2.149931e-01 
344 	 4.585864e-02 	 2.147987e-01 
345 	 4.675256e-02 	 2.145973e-01 
346 	 4.766290e-02 	 2.143867e-01 
347 	 4.858896e-02 	 2.141690e-01 
348 	 4.952840e-02 	 2.139454e-01 
349 	 5.048102e-02 	 2.137139e-01 
350 	 5.144772e-02 	 2.134739e-01 
351 	 5.242732e-02 	 2.132268e-01 
352 	 5.341911e-02 	 2.129716e-01 
353 	 5.442354e-02 	 2.127085e-01 
354 	 5.543863e-02 	 2.124393e-01 
355 	 5.646162e-02 	 2.121627e-01 
356 	 5.749236e-02 	 2.118782e-01 
357 	 5.853033e-02 	 2.115882e-01 
358 	 5.957324e-02 	 2.112920e-01 
359 	 6.062043e-02 	 2.109872e-01 
360 	 6.167148e-02 	 2.106769e-01 
361 	 6.272342e-02 	 2.103638e-01 
362 	 6.377409e-02 	 2.100453e-01 
363 	 6.482317e-02 	 2.097209e-01 
364 	 6.586835e-02 	 2.093946e-01 
365 	 6.690715e-02 	 2.090661e-01 
366 	 6.793981e-02 	 2.087332e-01 
367 	 6.896577e-02 	 2.083979e-01 
368 	 6.998308e-02 	 2.080610e-01 
369 	 7.099201e-02 	 2.077211e-01 
370 	 7.199269e-02 	 2.073791e-01 
371 	 7.298269e-02 	 2.070363e-01 
372 	 7.396067e-02 	 2.066921e-01 
373 	 7.492613e-02 	 2.063483e-01 
374 	 7.587568e-02 	 2.060071e-01 
375 	 7.680589e-02 	 2.056673e-01 
376 	 7.771523e-02 	 2.053306e-01 
377 	 7.860064e-02 	 2.050015e-01 
378 	 7.945855e-02 	 2.046786e-01 
379 	 8.028781e-02 	 2.043614e-01 
380 	 8.108637e-02 	 2.040544e-01 
381 	 8.185082e-02 	 2.037592e-01 
382 	 8.258042e-02 	 2.034735e-01 
383 	 8.327499e-02 	 2.031996e-01 
384 	 8.393211e-02 	 2.029408e-01 
385 	 8.455049e-02 	 2.026957e-01 
386 	 8.513013e-02 	 2.024646e-01 
387 	 8.566941e-02 	 2.022506e-01 
388 	 8.616760e-02 	 2.020531e-01 
389 	 8.662563e-02 	 2.018715e-01 
390 	 8.704236e-02 	 2.017078e-01 
391 	 8.741652e-02 	 2.015613e-01 
392 	 8.774949e-02 	 2.014320e-01 
393 	 8.804171e-02 	 2.013211e-01 
394 	 8.829205e-02 	 2.012276e-01 
395 	 8.850082e-02 	 2.011508e-01 
396 	 8.866786e-02 	 2.010938e-01 
397 	 8.879151e-02 	 2.010565e-01 
398 	 8.887163e-02 	 2.010366e-01 
399 	 8.890767e-02 	 2.010371e-01 
400 	 8.889663e-02 	 2.010607e-01 
401 	 8.883673e-02 	 2.011049e-01 
402 	 8.872774e-02 	 2.011709e-01 
403 	 8.856777e-02 	 2.012614e-01 
404 	 8.835515e-02 	 2.013752e-01 
405 	 8.808980e-02 	 2.015112e-01 
406 	 8.777107e-02 	 2.016714e-01 
407 	 8.739922e-02 	 2.018545e-01 
408 	 8.697648e-02 	 2.020579e-01 
409 	 8.650388e-02 	 2.022820e-01 
410 	 8.598227e-02 	 2.025256e-01 
411 	 8.541515e-02 	 2.027860e-01 
412 	 8.480588e-02 	 2.030624e-01 
413 	 8.415635e-02 	 2.033525e-01 
414 	 8.346947e-02 	 2.036544e-01 
415 	 8.274827e-02 	 2.039683e-01 
416 	 8.199493e-02 	 2.042916e-01 
417 	 8.121242e-02 	 2.046216e-01 
418 	 8.040308e-02 	 2.049590e-01 
419 	 7.956746e-02 	 2.053035e-01 
420 	 7.870735e-02 	 2.056519e-01 
421 	 7.782521e-02 	 2.060038e-01 
422 	 7.692141e-02 	 2.063603e-01 
423 	 7.599625e-02 	 2.067190e-01 
424 	 7.505125e-02 	 2.070791e-01 
425 	 7.408725e-02 	 2.074416e-01 
426 	 7.310509e-02 	 2.078046e-01 
427 	 7.210604e-02 	 2.081669e-01 
428 	 7.109041e-02 	 2.085297e-01 
429 	 7.005896e-02 	 2.088918e-01 
430 	 6.901376e-02 	 2.092516e-01 
431 	 6.795558e-02 	 2.096093e-01 
432 	 6.688454e-02 	 2.099649e-01 
433 	 6.580240e-02 	 2.103171e-01 
434 	 6.471086e-02 	 2.106660e-01 
435 	 6.361070e-02 	 2.110106e-01 
436 	 6.250323e-02 	 2.113506e-01 
437 	 6.138963e-02 	 2.116867e-01 
438 	 6.027098e-02 	 2.120173e-01 
439 	 5.914920e-02 	 2.123413e-01 
440 	 5.802549e-02 	 2.126601e-01 
441 	 5.690030e-02 	 2.129729e-01 
442 	 5.577544e-02 	 2.132782e-01 
443 	 5.465297e-02 	 2.135765e-01 
444 	 5.353361e-02 	 2.138678e-01 
445 	 5.241854e-02 	 2.141509e-01 
446 	 5.130975e-02 	 2.144259e-01 
447 	 5.020878e-02 	 2.146932e-01 
448 	 4.911718e-02 	 2.149514e-01 
449 	 4.803645e-02 	 2.152008e-01 
450 	 4.696772e-02 	 2.154422e-01 
451 	 4.591281e-02 	 2.156741e-01 
452 	 4.487350e-02 	 2.158967e-01 
453 	 4.385039e-02 	 2.161107e-01 
454 	 4.284442e-02 	 2.163159e-01 
455 	 4.185729e-02 	 2.165120e-01 
456 	 4.088972e-02 	 2.166993e-01 
457 	 3.994200e-02 	 2.168780e-01 
458 	 3.901495e-02 	 2.170484e-01 
459 	 3.810916e-02 	 2.172108e-01 
460 	 3.722506e-02 	 2.173650e-01 
461 	 3.636302e-02 	 2.175115e-01 
462 	 3.552296e-02 	 2.176512e-01 
463 	 3.470509e-02 	 2.177834e-01 
464 	 3.391006e-02 	 2.179085e-01 
465 	 3.313763e-02 	 2.180276e-01 
466 	 3.238739e-02 	 2.181404e-01 
467 	 3.165968e-02 	 2.182468e-01 
468 	 3.095456e-02 	 2.183478e-01 
469 	 3.027146e-02 	 2.184432e-01 
470 	 2.961014e-02 	 2.185331e-01 
471 	 2.897040e-02 	 2.186183e-01 
472 	 2.835187e-02 	 2.186987e-01 
473 	 2.775417e-02 	 2.187741e-01 
474 	 2.717664e-02 	 2.188454e-01 
475 	 2.661876e-02 	 2.189128e-01 
476 	 2.608041e-02 	 2.189760e-01 
477 	 2.556098e-02 	 2.190355e-01 
478 	 2.505962e-02 	 2.190917e-01 
479 	 2.457617e-02 	 2.191445e-01 
480 	 2.411044e-02 	 2.191941e-01 
481 	 2.366176e-02 	 2.192409e-01 
482 	 2.322971e-02 	 2.192849e-01 
483 	 2.281418e-02 	 2.193264e-01 
484 	 2.241484e-02 	 2.193652e-01 
485 	 2.203137e-02 	 2.194016e-01 
486 	 2.166340e-02 	 2.194360e-01 
487 	 2.131060e-02 	 2.194684e-01 
488 	 2.097280e-02 	 2.194984e-01 
489 	 2.064956e-02 	 2.195267e-01 
490 	 2.034028e-02 	 2.195533e-01 
491 	 2.004471e-02 	 2.195779e-01 
492 	 1.976254e-02 	 2.196010e-01 
493 	 1.949298e-02 	 2.196227e-01 
494 	 1.923544e-02 	 2.196427e-01 
495 	 1.898948e-02 	 2.196616e-01 
496 	 1.875442e-02 	 2.196794e-01 
497 	 1.852948e-02 	 2.196959e-01 
498 	 1.831410e-02 	 2.197115e-01 
499 	 1.810774e-02 	 2.197261e-01 
500 	 1.790995e-02 	 2.197398e-01 
501 	 1.740854e-02 	 2.197662e-01 
502 	 1.722622e-02 	 2.197783e-01 
503 	 1.705116e-02 	 2.197896e-01 
504 	 1.688312e-02 	 2.198003e-01 
505 	 1.672163e-02 	 2.198107e-01 
506 	 1.656647e-02 	 2.198205e-01 
507 	 1.641758e-02 	 2.198299e-01 
508 	 1.627467e-02 	 2.198387e-01 
509 	 1.613747e-02 	 2.198470e-01 
510 	 1.600608e-02 	 2.198549e-01 
511 	 1.588061e-02 	 2.198622e-01 
512 	 1.576118e-02 	 2.198690e-01 
513 	 1.564796e-02 	 2.198754e-01 
514 	 1.554093e-02 	 2.198814e-01 
515 	 1.543982e-02 	 2.198870e-01 
516 	 1.534410e-02 	 2.198921e-01 
517 	 1.525315e-02 	 2.198969e-01 
518 	 1.516675e-02 	 2.199010e-01 
519 	 1.508508e-02 	 2.199047e-01 
520 	 1.500828e-02 	 2.199082e-01 
521 	 1.493651e-02 	 2.199113e-01 
522 	 1.486967e-02 	 2.199143e-01 
523 	 1.480709e-02 	 2.199170e-01 
524 	 1.474785e-02 	 2.199196e-01 
525 	 1.469129e-02 	 2.199218e-01 
526 	 1.463713e-02 	 2.199238e-01 
527 	 1.458537e-02 	 2.199254e-01 
528 	 1.453627e-02 	 2.199270e-01 
529 	 1.448991e-02 	 2.199287e-01 
530 	 1.444619e-02 	 2.199303e-01 
531 	 1.440483e-02 	 2.199319e-01 
532 	 1.436548e-02 	 2.199334e-01 
533 	 1.432796e-02 	 2.199349e-01 
534 	 1.429220e-02 	 2.199363e-01 
535 	 1.425794e-02 	 2.199378e-01 
536 	 1.422486e-02 	 2.199392e-01 
537 	 1.419288e-02 	 2.199405e-01 
538 	 1.416190e-02 	 2.199417e-01 
539 	 1.413202e-02 	 2.199428e-01 
540 	 1.410353e-02 	 2.199437e-01 
541 	 1.407663e-02 	 2.199447e-01 
542 	 1.405131e-02 	 2.199456e-01 
543 	 1.402743e-02 	 2.199465e-01 
544 	 1.400470e-02 	 2.199474e-01 
545 	 1.398292e-02 	 2.199481e-01 
546 	 1.396188e-02 	 2.199488e-01 
547 	 1.394119e-02 	 2.199497e-01 
548 	 1.392041e-02 	 2.199505e-01 
549 	 1.389911e-02 	 2.199513e-01 
550 	 1.387676e-02 	 2.199522e-01 
551 	 1.385305e-02 	 2.199531e-01 
552 	 1.382784e-02 	 2.199542e-01 
553 	 1.380092e-02 	 2.199554e-01 
554 	 1.377203e-02 	 2.199568e-01 
555 	 1.374088e-02 	 2.199584e-01 
556 	 1.370720e-02 	 2.199603e-01 
557 	 1.367077e-02 	 2.199625e-01 
558 	 1.363138e-02 	 2.199649e-01 
559 	 1.358869e-02 	 2.199677e-01 
560 	 1.354217e-02 	 2.199709e-01 
561 	 1.349122e-02 	 2.199744e-01 
562 	 1.343520e-02 	 2.199782e-01 
563 	 1.337363e-02 	 2.199824e-01 
564 	 1.330612e-02 	 2.199871e-01 
565 	 1.323215e-02 	 2.199922e-01 
566 	 1.315112e-02 	 2.199977e-01 
567 	 1.306266e-02 	 2.200036e-01 
568 	 1.296661e-02 	 2.200100e-01 
569 	 1.286296e-02 	 2.200168e-01 
570 	 1.275164e-02 	 2.200243e-01 
571 	 1.263249e-02 	 2.200322e-01 
572 	 1.250528e-02 	 2.200405e-01 
573 	 1.236980e-02 	 2.200494e-01 
574 	 1.222590e-02 	 2.200588e-01 
575 	 1.207333e-02 	 2.200687e-01 
576 	 1.191140e-02 	 2.200791e-01 
577 	 1.173918e-02 	 2.200901e-01 
578 	 1.155590e-02 	 2.201015e-01 
579 	 1.136103e-02 	 2.201134e-01 
580 	 1.115417e-02 	 2.201259e-01 
581 	 1.093490e-02 	 2.201388e-01 
582 	 1.070290e-02 	 2.201519e-01 
583 	 1.045776e-02 	 2.201650e-01 
584 	 1.019895e-02 	 2.201783e-01 
585 	 9.925910e-03 	 2.201922e-01 
586 	 9.638210e-03 	 2.202065e-01 
587 	 9.335891e-03 	 2.202217e-01 
588 	 9.020036e-03 	 2.202373e-01 
589 	 8.692116e-03 	 2.202528e-01 
590 	 8.352567e-03 	 2.202682e-01 
591 	 8.000621e-03 	 2.202836e-01 
592 	 7.635369e-03 	 2.202993e-01 
593 	 7.256742e-03 	 2.203151e-01 
594 	 6.865455e-03 	 2.203307e-01 
595 	 6.461679e-03 	 2.203456e-01 
596 	 6.044071e-03 	 2.203596e-01 
597 	 5.610599e-03 	 2.203732e-01 
598 	 5.160217e-03 	 2.203870e-01 
599 	 4.693538e-03 	 2.204004e-01 
600 	 4.211561e-03 	 2.204124e-01 
601 	 3.713838e-03 	 2.204232e-01 
602 	 3.199288e-03 	 2.204333e-01 
603 	 2.668667e-03 	 2.204427e-01 
604 	 2.124146e-03 	 2.204507e-01 
605 	 1.566827e-03 	 2.204568e-01 
606 	 9.963804e-04 	 2.204613e-01 
607 	 4.127904e-04 	 2.204652e-01 
608 	 -1.823574e-04 	 2.204679e-01 
609 	 -7.870039e-04 	 2.204684e-01 
610 	 -1.401122e-03 	 2.204669e-01 
611 	 -2.026236e-03 	 2.204643e-01 
612 	 -2.662369e-03 	 2.204608e-01 
613 	 -3.307631e-03 	 2.204558e-01 
614 	 -3.960772e-03 	 2.204480e-01 
615 	 -4.622815e-03 	 2.204377e-01 
616 	 -5.295332e-03 	 2.204259e-01 
617 	 -5.977467e-03 	 2.204117e-01 
618 	 -6.667429e-03 	 2.203938e-01 
619 	 -7.366082e-03 	 2.203733e-01 
620 	 -8.074815e-03 	 2.203508e-01 
621 	 -8.792021e-03 	 2.203250e-01 
622 	 -9.515512e-03 	 2.202955e-01 
623 	 -1.024530e-02 	 2.202629e-01 
624 	 -1.098181e-02 	 2.202284e-01 
625 	 -1.172332e-02 	 2.201913e-01 
626 	 -1.246654e-02 	 2.201503e-01 
627 	 -1.320972e-02 	 2.201063e-01 
628 	 -1.395283e-02 	 2.200607e-01 
629 	 -1.469399e-02 	 2.200123e-01 
630 	 -1.543004e-02 	 2.199609e-01 
631 	 -1.616023e-02 	 2.199076e-01 
632 	 -1.688458e-02 	 2.198525e-01 
633 	 -1.760107e-02 	 2.197953e-01 
634 	 -1.830766e-02 	 2.197358e-01 
635 	 -1.900503e-02 	 2.196752e-01 
636 	 -1.969479e-02 	 2.196138e-01 
637 	 -2.037588e-02 	 2.195504e-01 
638 	 -2.104626e-02 	 2.194850e-01 
639 	 -2.170754e-02 	 2.194194e-01 
640 	 -2.236180e-02 	 2.193527e-01 
641 	 -2.300684e-02 	 2.192834e-01 
642 	 -2.364133e-02 	 2.192138e-01 
643 	 -2.426757e-02 	 2.191436e-01 
644 	 -2.488501e-02 	 2.190708e-01 
645 	 -2.548994e-02 	 2.189970e-01 
646 	 -2.608164e-02 	 2.189238e-01 
647 	 -2.666179e-02 	 2.188501e-01 
648 	 -2.722906e-02 	 2.187747e-01 
649 	 -2.777960e-02 	 2.186993e-01 
650 	 -2.831274e-02 	 2.186261e-01 
651 	 -2.883009e-02 	 2.185534e-01 
652 	 -2.932970e-02 	 2.184799e-01 
653 	 -2.980931e-02 	 2.184092e-01 
654 	 -3.027094e-02 	 2.183412e-01 
655 	 -3.071441e-02 	 2.182722e-01 
656 	 -3.113641e-02 	 2.182053e-01 
657 	 -3.153823e-02 	 2.181432e-01 
658 	 -3.192229e-02 	 2.180810e-01 
659 	 -3.228594e-02 	 2.180189e-01 
660 	 -3.262711e-02 	 2.179615e-01 
661 	 -3.294774e-02 	 2.179067e-01 
662 	 -3.324808e-02 	 2.178517e-01 
663 	 -3.352537e-02 	 2.177999e-01 
664 	 -3.377923e-02 	 2.177528e-01 
665 	 -3.401137e-02 	 2.177063e-01 
666 	 -3.421972e-02 	 2.176614e-01 
667 	 -3.440160e-02 	 2.176238e-01 
668 	 -3.456020e-02 	 2.175906e-01 
669 	 -3.469796e-02 	 2.175567e-01 
670 	 -3.481257e-02 	 2.175277e-01 
671 	 -3.490456e-02 	 2.175057e-01 
672 	 -3.497531e-02 	 2.174832e-01 
673 	 -3.502096e-02 	 2.174630e-01 
674 	 -3.503962e-02 	 2.174518e-01 
675 	 -3.503461e-02 	 2.174427e-01 
676 	 -3.500886e-02 	 2.174348e-01 
677 	 -3.496619e-02 	 2.174348e-01 
678 	 -3.491229e-02 	 2.174363e-01 
679 	 -3.484731e-02 	 2.174326e-01 
680 	 -3.476330e-02 	 2.174317e-01 
681 	 -3.465202e-02 	 2.174366e-01 
682 	 -3.451142e-02 	 2.174416e-01 
683 	 -3.434295e-02 	 2.174508e-01 
684 	 -3.415069e-02 	 2.174699e-01 
685 	 -3.394370e-02 	 2.174920e-01 
686 	 -3.372778e-02 	 2.175135e-01 
687 	 -3.349984e-02 	 2.175414e-01 
688 	 -3.325654e-02 	 2.175703e-01 
689 	 -3.299414e-02 	 2.175912e-01 
690 	 -3.270310e-02 	 2.176168e-01 
691 	 -3.237836e-02 	 2.176545e-01 
692 	 -3.202478e-02 	 2.176952e-01 
693 	 -3.164914e-02 	 2.177435e-01 
694 	 -3.125881e-02 	 2.178025e-01 
695 	 -3.086001e-02 	 2.178558e-01 
696 	 -3.045042e-02 	 2.179052e-01 
697 	 -3.002390e-02 	 2.179628e-01 
698 	 -2.958091e-02 	 2.180178e-01 
699 	 -2.912561e-02 	 2.180673e-01 
700 	 -2.865831e-02 	 2.181234e-01 
701 	 -2.817733e-02 	 2.181787e-01 
702 	 -2.768248e-02 	 2.182271e-01 
703 	 -2.717321e-02 	 2.182813e-01 
704 	 -2.665248e-02 	 2.183397e-01 
705 	 -2.612895e-02 	 2.183934e-01 
706 	 -2.560650e-02 	 2.184513e-01 
707 	 -2.508288e-02 	 2.185130e-01 
708 	 -2.455818e-02 	 2.185639e-01 
709 	 -2.402878e-02 	 2.186112e-01 
710 	 -2.348610e-02 	 2.186661e-01 
711 	 -2.292938e-02 	 2.187181e-01 
712 	 -2.236172e-02 	 2.187683e-01 
713 	 -2.178186e-02 	 2.188271e-01 
714 	 -2.119068e-02 	 2.188824e-01 
715 	 -2.059014e-02 	 2.189333e-01 
716 	 -1.998007e-02 	 2.189962e-01 
717 	 -1.936670e-02 	 2.190600e-01 
718 	 -1.875921e-02 	 2.191152e-01 
719 	 -1.815760e-02 	 2.191756e-01 
720 	 -1.755693e-02 	 2.192336e-01 
721 	 -1.695536e-02 	 2.192793e-01 
722 	 -1.635172e-02 	 2.193284e-01 
723 	 -1.574482e-02 	 2.193776e-01 
724 	 -1.513558e-02 	 2.194164e-01 
725 	 -1.452311e-02 	 2.194582e-01 
726 	 -1.390494e-02 	 2.195002e-01 
727 	 -1.328417e-02 	 2.195317e-01 
728 	 -1.266623e-02 	 2.195685e-01 
729 	 -1.205399e-02 	 2.196119e-01 
730 	 -1.145307e-02 	 2.196458e-01 
731 	 -1.086771e-02 	 2.196783e-01 
732 	 -1.029397e-02 	 2.197137e-01 
733 	 -9.730714e-03 	 2.197412e-01 
734 	 -9.181134e-03 	 2.197691e-01 
735 	 -8.642399e-03 	 2.198010e-01 
736 	 -8.111076e-03 	 2.198226e-01 
737 	 -7.585334e-03 	 2.198410e-01 
738 	 -7.059506e-03 	 2.198665e-01 
739 	 -6.533283e-03 	 2.198871e-01 
740 	 -6.012383e-03 	 2.199056e-01 
741 	 -5.496731e-03 	 2.199318e-01 
742 	 -4.985785e-03 	 2.199536e-01 
743 	 -4.483298e-03 	 2.199716e-01 
744 	 -3.990063e-03 	 2.199975e-01 
745 	 -3.507631e-03 	 2.200204e-01 
746 	 -3.040482e-03 	 2.200386e-01 
747 	 -2.586663e-03 	 2.200617e-01 
748 	 -2.140685e-03 	 2.200784e-01 
749 	 -1.701954e-03 	 2.200878e-01 
750 	 -1.270316e-03 	 2.201026e-01 
751 	 -8.435888e-04 	 2.201128e-01 
752 	 -4.208580e-04 	 2.201159e-01 
753 	 3.075227e-07 	 2.201232e-01 
754 	 4.221145e-04 	 2.201269e-01 
755 	 8.405438e-04 	 2.201270e-01 
756 	 1.251925e-03 	 2.201347e-01 
757 	 1.656765e-03 	 2.201393e-01 
758 	 2.052113e-03 	 2.201385e-01 
759 	 2.434752e-03 	 2.201443e-01 
760 	 2.804994e-03 	 2.201495e-01 
761 	 3.159627e-03 	 2.201519e-01 
762 	 3.496839e-03 	 2.201588e-01 
763 	 3.821003e-03 	 2.201618e-01 
764 	 4.133212e-03 	 2.201607e-01 
765 	 4.433765e-03 	 2.201649e-01 
766 	 4.726655e-03 	 2.201665e-01 
767 	 5.012214e-03 	 2.201636e-01 
768 	 5.291828e-03 	 2.201641e-01 
769 	 5.570563e-03 	 2.201623e-01 
770 	 5.846622e-03 	 2.201579e-01 
771 	 6.116952e-03 	 2.201581e-01 
772 	 6.383610e-03 	 2.201573e-01 
773 	 6.644940e-03 	 2.201538e-01 
774 	 6.898628e-03 	 2.201540e-01 
775 	 7.145199e-03 	 2.201539e-01 
776 	 7.380334e-03 	 2.201524e-01 
777 	 7.601104e-03 	 2.201547e-01 
778 	 7.811272e-03 	 2.201559e-01 
779 	 8.011324e-03 	 2.201544e-01 
780 	 8.199833e-03 	 2.201557e-01 
781 	 8.378969e-03 	 2.201561e-01 
782 	 8.549487e-03 	 2.201536e-01 
783 	 8.712976e-03 	 2.201523e-01 
784 	 8.873492e-03 	 2.201491e-01 
785 	 9.030163e-03 	 2.201440e-01 
786 	 9.181666e-03 	 2.201412e-01 
787 	 9.331525e-03 	 2.201370e-01 
788 	 9.480241e-03 	 2.201306e-01 
789 	 9.626277e-03 	 2.201262e-01 
790 	 9.770378e-03 	 2.201217e-01 
791 	 9.910137e-03 	 2.201166e-01 
792 	 1.004343e-02 	 2.201136e-01 
793 	 1.017204e-02 	 2.201097e-01 
794 	 1.029392e-02 	 2.201056e-01 
795 	 1.040615e-02 	 2.201047e-01 
796 	 1.050969e-02 	 2.201032e-01 
797 	 1.060327e-02 	 2.201007e-01 
798 	 1.068653e-02 	 2.201007e-01 
799 	 1.076232e-02 	 2.201001e-01 
800 	 1.082936e-02 	 2.200988e-01 
801 	 1.088726e-02 	 2.200994e-01 
802 	 1.093958e-02 	 2.200987e-01 
803 	 1.098631e-02 	 2.200969e-01 
804 	 1.102806e-02 	 2.200967e-01 
805 	 1.106729e-02 	 2.200956e-01 
806 	 1.110227e-02 	 2.200935e-01 
807 	 1.113391e-02 	 2.200926e-01 
808 	 1.116576e-02 	 2.200907e-01 
809 	 1.119592e-02 	 2.200882e-01 
810 	 1.122368e-02 	 2.200872e-01 
811 	 1.125105e-02 	 2.200851e-01 
812 	 1.127687e-02 	 2.200826e-01 
813 	 1.130209e-02 	 2.200815e-01 
814 	 1.132766e-02 	 2.200789e-01 
815 	 1.135036e-02 	 2.200763e-01 
816 	 1.137130e-02 	 2.200754e-01 
817 	 1.139265e-02 	 2.200727e-01 
818 	 1.141199e-02 	 2.200696e-01 
819 	 1.142980e-02 	 2.200685e-01 
820 	 1.144699e-02 	 2.200658e-01 
821 	 1.146223e-02 	 2.200633e-01 
822 	 1.147796e-02 	 2.200620e-01 
823 	 1.149489e-02 	 2.200586e-01 
824 	 1.151087e-02 	 2.200562e-01 
825 	 1.152853e-02 	 2.200551e-01 
826 	 1.154914e-02 	 2.200513e-01 
827 	 1.157126e-02 	 2.200481e-01 
828 	 1.159682e-02 	 2.200457e-01 
829 	 1.162567e-02 	 2.200411e-01 
830 	 1.165675e-02 	 2.200375e-01 
831 	 1.169282e-02 	 2.200334e-01 
832 	 1.173387e-02 	 2.200263e-01 
833 	 1.177967e-02 	 2.200206e-01 
834 	 1.183285e-02 	 2.200138e-01 
835 	 1.189241e-02 	 2.200046e-01 
836 	 1.195783e-02 	 2.199975e-01 
837 	 1.203078e-02 	 2.199896e-01 
838 	 1.210928e-02 	 2.199803e-01 
839 	 1.219411e-02 	 2.199727e-01 
840 	 1.228975e-02 	 2.199615e-01 
841 	 1.239786e-02 	 2.199467e-01 
842 	 1.252107e-02 	 2.199322e-01 
843 	 1.265937e-02 	 2.199158e-01 
844 	 1.280652e-02 	 2.199013e-01 
845 	 1.295887e-02 	 2.198906e-01 
846 	 1.311439e-02 	 2.198781e-01 
847 	 1.327173e-02 	 2.198654e-01 
848 	 1.343660e-02 	 2.198514e-01 
849 	 1.361421e-02 	 2.198309e-01 
850 	 1.380494e-02 	 2.198102e-01 
851 	 1.400802e-02 	 2.197916e-01 
852 	 1.421761e-02 	 2.197731e-01 
853 	 1.442899e-02 	 2.197580e-01 
854 	 1.464549e-02 	 2.197409e-01 
855 	 1.486926e-02 	 2.197190e-01 
856 	 1.509996e-02 	 2.197003e-01 
857 	 1.533668e-02 	 2.196823e-01 
858 	 1.557484e-02 	 2.196633e-01 
859 	 1.581466e-02 	 2.196463e-01 
860 	 1.606260e-02 	 2.196243e-01 
861 	 1.632238e-02 	 2.195978e-01 
862 	 1.659694e-02 	 2.195717e-01 
863 	 1.688616e-02 	 2.195427e-01 
864 	 1.718431e-02 	 2.195153e-01 
865 	 1.749068e-02 	 2.194898e-01 
866 	 1.780849e-02 	 2.194574e-01 
867 	 1.813866e-02 	 2.194235e-01 
868 	 1.848197e-02 	 2.193914e-01 
869 	 1.883322e-02 	 2.193585e-01 
870 	 1.918492e-02 	 2.193288e-01 
871 	 1.954075e-02 	 2.192963e-01 
872 	 1.990752e-02 	 2.192565e-01 
873 	 2.028613e-02 	 2.192181e-01 
874 	 2.067449e-02 	 2.191798e-01 
875 	 2.106728e-02 	 2.191400e-01 
876 	 2.146457e-02 	 2.191005e-01 
877 	 2.187468e-02 	 2.190537e-01 
878 	 2.229900e-02 	 2.190037e-01 
879 	 2.273210e-02 	 2.189579e-01 
880 	 2.316962e-02 	 2.189106e-01 
881 	 2.360799e-02 	 2.188627e-01 
882 	 2.404968e-02 	 2.188138e-01 
883 	 2.449820e-02 	 2.187600e-01 
884 	 2.494831e-02 	 2.187096e-01 
885 	 2.539483e-02 	 2.186624e-01 
886 	 2.583635e-02 	 2.186121e-01 
887 	 2.627386e-02 	 2.185615e-01 
888 	 2.671445e-02 	 2.185080e-01 
889 	 2.715924e-02 	 2.184527e-01 
890 	 2.760085e-02 	 2.184009e-01 
891 	 2.804016e-02 	 2.183462e-01 
892 	 2.848365e-02 	 2.182864e-01 
893 	 2.893588e-02 	 2.182237e-01 
894 	 2.939854e-02 	 2.181584e-01 
895 	 2.986467e-02 	 2.180953e-01 
896 	 3.033095e-02 	 2.180299e-01 
897 	 3.080629e-02 	 2.179563e-01 
898 	 3.129365e-02 	 2.178817e-01 
899 	 3.178661e-02 	 2.178087e-01 
900 	 3.227895e-02 	 2.177361e-01 
901 	 3.276854e-02 	 2.176621e-01 
902 	 3.326208e-02 	 2.175815e-01 
903 	 3.376255e-02 	 2.175011e-01 
904 	 3.426014e-02 	 2.174258e-01 
905 	 3.475026e-02 	 2.173486e-01 
906 	 3.523794e-02 	 2.172675e-01 
907 	 3.572853e-02 	 2.171832e-01 
908 	 3.622292e-02 	 2.170992e-01 
909 	 3.671324e-02 	 2.170190e-01 
910 	 3.719680e-02 	 2.169348e-01 
911 	 3.768319e-02 	 2.168458e-01 
912 	 3.817468e-02 	 2.167572e-01 
913 	 3.866529e-02 	 2.166684e-01 
914 	 3.915159e-02 	 2.165821e-01 
915 	 3.963303e-02 	 2.164932e-01 
916 	 4.011526e-02 	 2.163984e-01 
917 	 4.059979e-02 	 2.163085e-01 
918 	 4.107703e-02 	 2.162211e-01 
919 	 4.154429e-02 	 2.161308e-01 
920 	 4.200686e-02 	 2.160409e-01 
921 	 4.246623e-02 	 2.159485e-01 
922 	 4.292001e-02 	 2.158594e-01 
923 	 4.336183e-02 	 2.157755e-01 
924 	 4.379072e-02 	 2.156859e-01 
925 	 4.421445e-02 	 2.155960e-01 
926 	 4.463299e-02 	 2.155098e-01 
927 	 4.503979e-02 	 2.154244e-01 
928 	 4.543382e-02 	 2.153428e-01 
929 	 4.581936e-02 	 2.152568e-01 
930 	 4.620238e-02 	 2.151692e-01 
931 	 4.658035e-02 	 2.150903e-01 
932 	 4.694617e-02 	 2.150093e-01 
933 	 4.730521e-02 	 2.149257e-01 
934 	 4.766526e-02 	 2.148423e-01 
935 	 4.802483e-02 	 2.147557e-01 
936 	 4.838090e-02 	 2.146766e-01 
937 	 4.873262e-02 	 2.145971e-01 
938 	 4.908537e-02 	 2.145068e-01 
939 	 4.944448e-02 	 2.144234e-01 
940 	 4.980169e-02 	 2.143437e-01 
941 	 5.015052e-02 	 2.142596e-01 
942 	 5.049752e-02 	 2.141779e-01 
943 	 5.084497e-02 	 2.140936e-01 
944 	 5.118542e-02 	 2.140162e-01 
945 	 5.151086e-02 	 2.139485e-01 
946 	 5.182082e-02 	 2.138724e-01 
947 	 5.212139e-02 	 2.138004e-01 
948 	 5.240913e-02 	 2.137410e-01 
949 	 5.267276e-02 	 2.136834e-01 
950 	 5.291274e-02 	 2.136310e-01 
951 	 5.313653e-02 	 2.135797e-01 
952 	 5.334237e-02 	 2.135343e-01 
953 	 5.352180e-02 	 2.135049e-01 
954 	 5.367367e-02 	 2.134734e-01 
955 	 5.380741e-02 	 2.134424e-01 
956 	 5.392594e-02 	 2.134244e-01 
957 	 5.402066e-02 	 2.134100e-01 
958 	 5.409036e-02 	 2.134015e-01 
959 	 5.414328e-02 	 2.133950e-01 
960 	 5.418182e-02 	 2.133882e-01 
961 	 5.420045e-02 	 2.133975e-01 
962 	 5.419560e-02 	 2.134097e-01 
963 	 5.417305e-02 	 2.134167e-01 
964 	 5.413834e-02 	 2.134357e-01 
965 	 5.408485e-02 	 2.134609e-01 
966 	 5.400798e-02 	 2.134893e-01 
967 	 5.391576e-02 	 2.135216e-01 
968 	 5.381283e-02 	 2.135521e-01 
969 	 5.369431e-02 	 2.135942e-01 
970 	 5.355794e-02 	 2.136420e-01 
971 	 5.340878e-02 	 2.136810e-01 
972 	 5.325222e-02 	 2.137268e-01 
973 	 5.308546e-02 	 2.137803e-01 
974 	 5.290317e-02 	 2.138337e-01 
975 	 5.270984e-02 	 2.138880e-01 
976 	 5.251121e-02 	 2.139406e-01 
977 	 5.230151e-02 	 2.140026e-01 
978 	 5.207454e-02 	 2.140714e-01 
979 	 5.183389e-02 	 2.141334e-01 
980 	 5.158243e-02 	 2.142023e-01 
981 	 5.131418e-02 	 2.142812e-01 
982 	 5.102290e-02 	 2.143613e-01 
983 	 5.071063e-02 	 2.144462e-01 
984 	 5.038024e-02 	 2.145331e-01 
985 	 5.002661e-02 	 2.146286e-01 
986 	 4.964475e-02 	 2.147338e-01 
987 	 4.923827e-02 	 2.148345e-01 
988 	 4.881145e-02 	 2.149413e-01 
989 	 4.836146e-02 	 2.150592e-01 
990 	 4.788539e-02 	 2.151752e-01 
991 	 4.738877e-02 	 2.152938e-01 
992 	 4.687756e-02 	 2.154157e-01 
993 	 4.634927e-02 	 2.155391e-01 
994 	 4.580346e-02 	 2.156665e-01 
995 	 4.524690e-02 	 2.157890e-01 
996 	 4.468225e-02 	 2.159111e-01 
997 	 4.410701e-02 	 2.160399e-01 
998 	 4.352088e-02 	 2.161651e-01 
999 	 4.292663e-02 	 2.162876e-01 
1000 	 4.232679e-02 	 2.164117e-01 
