1 	 -6.849890e-06 	 2.196537e-01 
2 	 -1.373071e-05 	 2.196534e-01 
3 	 -2.068086e-05 	 2.196534e-01 
4 	 -2.772304e-05 	 2.196532e-01 
5 	 -3.486844e-05 	 2.196531e-01 
6 	 -4.212496e-05 	 2.196530e-01 
7 	 -4.949271e-05 	 2.196529e-01 
8 	 -5.699682e-05 	 2.196530e-01 
9 	 -6.469283e-05 	 2.196530e-01 
10 	 -7.267819e-05 	 2.196531e-01 
11 	 -8.111738e-05 	 2.196533e-01 
12 	 -9.022602e-05 	 2.196535e-01 
13 	 -1.002854e-04 	 2.196538e-01 
14 	 -1.116299e-04 	 2.196540e-01 
15 	 -1.246272e-04 	 2.196544e-01 
16 	 -1.396799e-04 	 2.196547e-01 
17 	 -1.571906e-04 	 2.196551e-01 
18 	 -1.775602e-04 	 2.196555e-01 
19 	 -2.011699e-04 	 2.196558e-01 
20 	 -2.283665e-04 	 2.196562e-01 
21 	 -2.594689e-04 	 2.196566e-01 
22 	 -2.947513e-04 	 2.196569e-01 
23 	 -3.344599e-04 	 2.196574e-01 
24 	 -3.788113e-04 	 2.196577e-01 
25 	 -4.280010e-04 	 2.196581e-01 
26 	 -4.822241e-04 	 2.196584e-01 
27 	 -5.416721e-04 	 2.196588e-01 
28 	 -6.065616e-04 	 2.196593e-01 
29 	 -6.771354e-04 	 2.196596e-01 
30 	 -7.536738e-04 	 2.196601e-01 
31 	 -8.365145e-04 	 2.196606e-01 
32 	 -9.260403e-04 	 2.196610e-01 
33 	 -1.022704e-03 	 2.196617e-01 
34 	 -1.127016e-03 	 2.196621e-01 
35 	 -1.239547e-03 	 2.196628e-01 
36 	 -1.360935e-03 	 2.196633e-01 
37 	 -1.491858e-03 	 2.196638e-01 
38 	 -1.633056e-03 	 2.196644e-01 
39 	 -1.785300e-03 	 2.196648e-01 
40 	 -1.949391e-03 	 2.196652e-01 
41 	 -2.126162e-03 	 2.196654e-01 
42 	 -2.316447e-03 	 2.196654e-01 
43 	 -2.521098e-03 	 2.196654e-01 
44 	 -2.740963e-03 	 2.196649e-01 
45 	 -2.976881e-03 	 2.196642e-01 
46 	 -3.229695e-03 	 2.196631e-01 
47 	 -3.500225e-03 	 2.196615e-01 
48 	 -3.789292e-03 	 2.196596e-01 
49 	 -4.097702e-03 	 2.196568e-01 
50 	 -4.426252e-03 	 2.196535e-01 
51 	 -4.775744e-03 	 2.196494e-01 
52 	 -5.146960e-03 	 2.196443e-01 
53 	 -5.540697e-03 	 2.196384e-01 
54 	 -5.957741e-03 	 2.196310e-01 
55 	 -6.398878e-03 	 2.196225e-01 
56 	 -6.864905e-03 	 2.196125e-01 
57 	 -7.356599e-03 	 2.196007e-01 
58 	 -7.874746e-03 	 2.195873e-01 
59 	 -8.420114e-03 	 2.195715e-01 
60 	 -8.993453e-03 	 2.195536e-01 
61 	 -9.595504e-03 	 2.195331e-01 
62 	 -1.022696e-02 	 2.195096e-01 
63 	 -1.088850e-02 	 2.194833e-01 
64 	 -1.158073e-02 	 2.194532e-01 
65 	 -1.230422e-02 	 2.194196e-01 
66 	 -1.305950e-02 	 2.193818e-01 
67 	 -1.384699e-02 	 2.193394e-01 
68 	 -1.466708e-02 	 2.192924e-01 
69 	 -1.552004e-02 	 2.192398e-01 
70 	 -1.640609e-02 	 2.191818e-01 
71 	 -1.732535e-02 	 2.191176e-01 
72 	 -1.827783e-02 	 2.190467e-01 
73 	 -1.926349e-02 	 2.189692e-01 
74 	 -2.028216e-02 	 2.188839e-01 
75 	 -2.133356e-02 	 2.187909e-01 
76 	 -2.241736e-02 	 2.186895e-01 
77 	 -2.353307e-02 	 2.185790e-01 
78 	 -2.468016e-02 	 2.184597e-01 
79 	 -2.585794e-02 	 2.183302e-01 
80 	 -2.706565e-02 	 2.181909e-01 
81 	 -2.830243e-02 	 2.180408e-01 
82 	 -2.956728e-02 	 2.178796e-01 
83 	 -3.085912e-02 	 2.177074e-01 
84 	 -3.217677e-02 	 2.175230e-01 
85 	 -3.351889e-02 	 2.173268e-01 
86 	 -3.488410e-02 	 2.171182e-01 
87 	 -3.627083e-02 	 2.168968e-01 
88 	 -3.767748e-02 	 2.166631e-01 
89 	 -3.910226e-02 	 2.164159e-01 
90 	 -4.054333e-02 	 2.161560e-01 
91 	 -4.199871e-02 	 2.158831e-01 
92 	 -4.346632e-02 	 2.155969e-01 
93 	 -4.494398e-02 	 2.152982e-01 
94 	 -4.642943e-02 	 2.149865e-01 
95 	 -4.792027e-02 	 2.146626e-01 
96 	 -4.941408e-02 	 2.143267e-01 
97 	 -5.090828e-02 	 2.139790e-01 
98 	 -5.240028e-02 	 2.136207e-01 
99 	 -5.388740e-02 	 2.132516e-01 
100 	 -5.536689e-02 	 2.128731e-01 
101 	 -5.683599e-02 	 2.124857e-01 
102 	 -5.829186e-02 	 2.120902e-01 
103 	 -5.973165e-02 	 2.116883e-01 
104 	 -6.115247e-02 	 2.112800e-01 
105 	 -6.255141e-02 	 2.108675e-01 
106 	 -6.392558e-02 	 2.104515e-01 
107 	 -6.527208e-02 	 2.100334e-01 
108 	 -6.658800e-02 	 2.096151e-01 
109 	 -6.787048e-02 	 2.091972e-01 
110 	 -6.911664e-02 	 2.087822e-01 
111 	 -7.032367e-02 	 2.083712e-01 
112 	 -7.148877e-02 	 2.079657e-01 
113 	 -7.260923e-02 	 2.075681e-01 
114 	 -7.368235e-02 	 2.071792e-01 
115 	 -7.470551e-02 	 2.068014e-01 
116 	 -7.567617e-02 	 2.064363e-01 
117 	 -7.659186e-02 	 2.060854e-01 
118 	 -7.745021e-02 	 2.057509e-01 
119 	 -7.824893e-02 	 2.054338e-01 
120 	 -7.898584e-02 	 2.051363e-01 
121 	 -7.965889e-02 	 2.048599e-01 
122 	 -8.026612e-02 	 2.046057e-01 
123 	 -8.080573e-02 	 2.043757e-01 
124 	 -8.127604e-02 	 2.041707e-01 
125 	 -8.167550e-02 	 2.039923e-01 
126 	 -8.200274e-02 	 2.038414e-01 
127 	 -8.225652e-02 	 2.037188e-01 
128 	 -8.243577e-02 	 2.036257e-01 
129 	 -8.253959e-02 	 2.035623e-01 
130 	 -8.256725e-02 	 2.035295e-01 
131 	 -8.251818e-02 	 2.035275e-01 
132 	 -8.239199e-02 	 2.035562e-01 
133 	 -8.218848e-02 	 2.036161e-01 
134 	 -8.190761e-02 	 2.037064e-01 
135 	 -8.154953e-02 	 2.038272e-01 
136 	 -8.111456e-02 	 2.039779e-01 
137 	 -8.060321e-02 	 2.041576e-01 
138 	 -8.001617e-02 	 2.043659e-01 
139 	 -7.935428e-02 	 2.046012e-01 
140 	 -7.861857e-02 	 2.048628e-01 
141 	 -7.781024e-02 	 2.051493e-01 
142 	 -7.693065e-02 	 2.054591e-01 
143 	 -7.598134e-02 	 2.057912e-01 
144 	 -7.496396e-02 	 2.061433e-01 
145 	 -7.388037e-02 	 2.065142e-01 
146 	 -7.273253e-02 	 2.069021e-01 
147 	 -7.152257e-02 	 2.073048e-01 
148 	 -7.025275e-02 	 2.077209e-01 
149 	 -6.892549e-02 	 2.081481e-01 
150 	 -6.754334e-02 	 2.085848e-01 
151 	 -6.610895e-02 	 2.090289e-01 
152 	 -6.462498e-02 	 2.094783e-01 
153 	 -6.309411e-02 	 2.099315e-01 
154 	 -6.151897e-02 	 2.103861e-01 
155 	 -5.990230e-02 	 2.108410e-01 
156 	 -5.824720e-02 	 2.112943e-01 
157 	 -5.655738e-02 	 2.117445e-01 
158 	 -5.483720e-02 	 2.121901e-01 
159 	 -5.309115e-02 	 2.126290e-01 
160 	 -5.132276e-02 	 2.130591e-01 
161 	 -4.953355e-02 	 2.134784e-01 
162 	 -4.772278e-02 	 2.138853e-01 
163 	 -4.588898e-02 	 2.142802e-01 
164 	 -4.403295e-02 	 2.146642e-01 
165 	 -4.216088e-02 	 2.150389e-01 
166 	 -4.028487e-02 	 2.154042e-01 
167 	 -3.841936e-02 	 2.157574e-01 
168 	 -3.657456e-02 	 2.160932e-01 
169 	 -3.475063e-02 	 2.164062e-01 
170 	 -3.293739e-02 	 2.166946e-01 
171 	 -3.112072e-02 	 2.169609e-01 
172 	 -2.929200e-02 	 2.172114e-01 
173 	 -2.745394e-02 	 2.174516e-01 
174 	 -2.561853e-02 	 2.176827e-01 
175 	 -2.379915e-02 	 2.179018e-01 
176 	 -2.200406e-02 	 2.181050e-01 
177 	 -2.023649e-02 	 2.182911e-01 
178 	 -1.850019e-02 	 2.184626e-01 
179 	 -1.680318e-02 	 2.186220e-01 
180 	 -1.515482e-02 	 2.187687e-01 
181 	 -1.355886e-02 	 2.188992e-01 
182 	 -1.201022e-02 	 2.190106e-01 
183 	 -1.049933e-02 	 2.191045e-01 
184 	 -9.019614e-03 	 2.191849e-01 
185 	 -7.569909e-03 	 2.192549e-01 
186 	 -6.149983e-03 	 2.193137e-01 
187 	 -4.755751e-03 	 2.193594e-01 
188 	 -3.380928e-03 	 2.193929e-01 
189 	 -2.023390e-03 	 2.194183e-01 
190 	 -6.881195e-04 	 2.194393e-01 
191 	 6.171229e-04 	 2.194556e-01 
192 	 1.887759e-03 	 2.194652e-01 
193 	 3.122397e-03 	 2.194681e-01 
194 	 4.317699e-03 	 2.194675e-01 
195 	 5.466046e-03 	 2.194660e-01 
196 	 6.559845e-03 	 2.194629e-01 
197 	 7.596766e-03 	 2.194557e-01 
198 	 8.578828e-03 	 2.194441e-01 
199 	 9.507197e-03 	 2.194308e-01 
200 	 1.038054e-02 	 2.194173e-01 
201 	 1.119913e-02 	 2.194019e-01 
202 	 1.196809e-02 	 2.193825e-01 
203 	 1.269455e-02 	 2.193597e-01 
204 	 1.338297e-02 	 2.193357e-01 
205 	 1.403545e-02 	 2.193112e-01 
206 	 1.465578e-02 	 2.192841e-01 
207 	 1.525036e-02 	 2.192537e-01 
208 	 1.582419e-02 	 2.192217e-01 
209 	 1.637842e-02 	 2.191901e-01 
210 	 1.691309e-02 	 2.191584e-01 
211 	 1.743032e-02 	 2.191249e-01 
212 	 1.793265e-02 	 2.190907e-01 
213 	 1.841966e-02 	 2.190578e-01 
214 	 1.888859e-02 	 2.190269e-01 
215 	 1.933813e-02 	 2.189964e-01 
216 	 1.976893e-02 	 2.189662e-01 
217 	 2.018051e-02 	 2.189378e-01 
218 	 2.057014e-02 	 2.189124e-01 
219 	 2.093578e-02 	 2.188889e-01 
220 	 2.127795e-02 	 2.188662e-01 
221 	 2.159756e-02 	 2.188450e-01 
222 	 2.189374e-02 	 2.188267e-01 
223 	 2.216553e-02 	 2.188106e-01 
224 	 2.241419e-02 	 2.187952e-01 
225 	 2.264197e-02 	 2.187807e-01 
226 	 2.284977e-02 	 2.187683e-01 
227 	 2.303775e-02 	 2.187575e-01 
228 	 2.320757e-02 	 2.187472e-01 
229 	 2.336187e-02 	 2.187372e-01 
230 	 2.350215e-02 	 2.187285e-01 
231 	 2.362892e-02 	 2.187209e-01 
232 	 2.374356e-02 	 2.187135e-01 
233 	 2.384824e-02 	 2.187061e-01 
234 	 2.394421e-02 	 2.186995e-01 
235 	 2.403170e-02 	 2.186937e-01 
236 	 2.411154e-02 	 2.186880e-01 
237 	 2.418522e-02 	 2.186823e-01 
238 	 2.425348e-02 	 2.186771e-01 
239 	 2.431622e-02 	 2.186727e-01 
240 	 2.437386e-02 	 2.186683e-01 
241 	 2.442740e-02 	 2.186638e-01 
242 	 2.447722e-02 	 2.186599e-01 
243 	 2.452308e-02 	 2.186566e-01 
244 	 2.456524e-02 	 2.186533e-01 
245 	 2.460446e-02 	 2.186499e-01 
246 	 2.464094e-02 	 2.186471e-01 
247 	 2.467446e-02 	 2.186446e-01 
248 	 2.470528e-02 	 2.186421e-01 
249 	 2.473402e-02 	 2.186395e-01 
250 	 2.476078e-02 	 2.186374e-01 
251 	 2.478538e-02 	 2.186356e-01 
252 	 2.480812e-02 	 2.186338e-01 
253 	 2.482948e-02 	 2.186320e-01 
254 	 2.484949e-02 	 2.186304e-01 
255 	 2.486798e-02 	 2.186289e-01 
256 	 2.488527e-02 	 2.186270e-01 
257 	 2.490170e-02 	 2.186252e-01 
258 	 2.491720e-02 	 2.186239e-01 
259 	 2.493164e-02 	 2.186228e-01 
260 	 2.494532e-02 	 2.186218e-01 
261 	 2.495848e-02 	 2.186208e-01 
262 	 2.497096e-02 	 2.186198e-01 
263 	 2.498273e-02 	 2.186185e-01 
264 	 2.499408e-02 	 2.186169e-01 
265 	 2.500516e-02 	 2.186153e-01 
266 	 2.501582e-02 	 2.186141e-01 
267 	 2.502608e-02 	 2.186130e-01 
268 	 2.503625e-02 	 2.186120e-01 
269 	 2.504639e-02 	 2.186110e-01 
270 	 2.505635e-02 	 2.186101e-01 
271 	 2.506625e-02 	 2.186090e-01 
272 	 2.507635e-02 	 2.186077e-01 
273 	 2.508669e-02 	 2.186065e-01 
274 	 2.509715e-02 	 2.186053e-01 
275 	 2.510794e-02 	 2.186037e-01 
276 	 2.511935e-02 	 2.186017e-01 
277 	 2.513139e-02 	 2.185996e-01 
278 	 2.514404e-02 	 2.185975e-01 
279 	 2.515762e-02 	 2.185952e-01 
280 	 2.517243e-02 	 2.185928e-01 
281 	 2.518844e-02 	 2.185904e-01 
282 	 2.520570e-02 	 2.185876e-01 
283 	 2.522459e-02 	 2.185846e-01 
284 	 2.524541e-02 	 2.185815e-01 
285 	 2.526814e-02 	 2.185786e-01 
286 	 2.529304e-02 	 2.185752e-01 
287 	 2.532069e-02 	 2.185710e-01 
288 	 2.535132e-02 	 2.185664e-01 
289 	 2.538488e-02 	 2.185615e-01 
290 	 2.542183e-02 	 2.185557e-01 
291 	 2.546276e-02 	 2.185490e-01 
292 	 2.550780e-02 	 2.185416e-01 
293 	 2.555716e-02 	 2.185330e-01 
294 	 2.561162e-02 	 2.185233e-01 
295 	 2.567173e-02 	 2.185130e-01 
296 	 2.573747e-02 	 2.185019e-01 
297 	 2.580928e-02 	 2.184893e-01 
298 	 2.588808e-02 	 2.184753e-01 
299 	 2.597425e-02 	 2.184611e-01 
300 	 2.606794e-02 	 2.184462e-01 
301 	 2.617005e-02 	 2.184298e-01 
302 	 2.628144e-02 	 2.184122e-01 
303 	 2.640210e-02 	 2.183937e-01 
304 	 2.653249e-02 	 2.183740e-01 
305 	 2.667383e-02 	 2.183528e-01 
306 	 2.682669e-02 	 2.183303e-01 
307 	 2.699109e-02 	 2.183060e-01 
308 	 2.716799e-02 	 2.182790e-01 
309 	 2.735845e-02 	 2.182502e-01 
310 	 2.756248e-02 	 2.182197e-01 
311 	 2.778051e-02 	 2.181862e-01 
312 	 2.801396e-02 	 2.181490e-01 
313 	 2.826334e-02 	 2.181095e-01 
314 	 2.852848e-02 	 2.180677e-01 
315 	 2.881036e-02 	 2.180219e-01 
316 	 2.911015e-02 	 2.179724e-01 
317 	 2.942772e-02 	 2.179202e-01 
318 	 2.976335e-02 	 2.178646e-01 
319 	 3.011845e-02 	 2.178052e-01 
320 	 3.049328e-02 	 2.177426e-01 
321 	 3.088741e-02 	 2.176762e-01 
322 	 3.130191e-02 	 2.176055e-01 
323 	 3.173779e-02 	 2.175317e-01 
324 	 3.219441e-02 	 2.174548e-01 
325 	 3.267188e-02 	 2.173726e-01 
326 	 3.317143e-02 	 2.172857e-01 
327 	 3.369292e-02 	 2.171959e-01 
328 	 3.423570e-02 	 2.171020e-01 
329 	 3.480084e-02 	 2.170019e-01 
330 	 3.538889e-02 	 2.168968e-01 
331 	 3.599873e-02 	 2.167877e-01 
332 	 3.663044e-02 	 2.166728e-01 
333 	 3.728490e-02 	 2.165518e-01 
334 	 3.796103e-02 	 2.164255e-01 
335 	 3.865777e-02 	 2.162932e-01 
336 	 3.937605e-02 	 2.161545e-01 
337 	 4.011589e-02 	 2.160101e-01 
338 	 4.087604e-02 	 2.158590e-01 
339 	 4.165698e-02 	 2.156996e-01 
340 	 4.245921e-02 	 2.155338e-01 
341 	 4.328097e-02 	 2.153622e-01 
342 	 4.412133e-02 	 2.151819e-01 
343 	 4.498095e-02 	 2.149931e-01 
344 	 4.585864e-02 	 2.147987e-01 
345 	 4.675256e-02 	 2.145973e-01 
346 	 4.766290e-02 	 2.143867e-01 
347 	 4.858896e-02 	 2.141690e-01 
348 	 4.952840e-02 	 2.139454e-01 
349 	 5.048102e-02 	 2.137139e-01 
350 	 5.144772e-02 	 2.134739e-01 
351 	 5.242732e-02 	 2.132268e-01 
352 	 5.341911e-02 	 2.129716e-01 
353 	 5.442354e-02 	 2.127085e-01 
354 	 5.543863e-02 	 2.124393e-01 
355 	 5.646162e-02 	 2.121627e-01 
356 	 5.749236e-02 	 2.118782e-01 
357 	 5.853033e-02 	 2.115882e-01 
358 	 5.957324e-02 	 2.112920e-01 
359 	 6.062043e-02 	 2.109872e-01 
360 	 6.167148e-02 	 2.106769e-01 
361 	 6.272342e-02 	 2.103638e-01 
362 	 6.377409e-02 	 2.100453e-01 
363 	 6.482317e-02 	 2.097209e-01 
364 	 6.586835e-02 	 2.093946e-01 
365 	 6.690715e-02 	 2.090661e-01 
366 	 6.793981e-02 	 2.087332e-01 
367 	 6.896577e-02 	 2.083979e-01 
368 	 6.998308e-02 	 2.080610e-01 
369 	 7.099201e-02 	 2.077211e-01 
370 	 7.199269e-02 	 2.073791e-01 
371 	 7.298269e-02 	 2.070363e-01 
372 	 7.396067e-02 	 2.066921e-01 
373 	 7.492613e-02 	 2.063483e-01 
374 	 7.587568e-02 	 2.060071e-01 
375 	 7.680589e-02 	 2.056673e-01 
376 	 7.771523e-02 	 2.053306e-01 
377 	 7.860064e-02 	 2.050015e-01 
378 	 7.945855e-02 	 2.046786e-01 
379 	 8.028781e-02 	 2.043614e-01 
380 	 8.108637e-02 	 2.040544e-01 
381 	 8.185082e-02 	 2.037592e-01 
382 	 8.258042e-02 	 2.034735e-01 
383 	 8.327499e-02 	 2.031996e-01 
384 	 8.393211e-02 	 2.029408e-01 
385 	 8.455049e-02 	 2.026957e-01 
386 	 8.513013e-02 	 2.024646e-01 
387 	 8.566941e-02 	 2.022506e-01 
388 	 8.616760e-02 	 2.020531e-01 
389 	 8.662563e-02 	 2.018715e-01 
390 	 8.704236e-02 	 2.017078e-01 
391 	 8.741652e-02 	 2.015613e-01 
392 	 8.774949e-02 	 2.014320e-01 
393 	 8.804171e-02 	 2.013211e-01 
394 	 8.829205e-02 	 2.012276e-01 
395 	 8.850082e-02 	 2.011508e-01 
396 	 8.866786e-02 	 2.010938e-01 
397 	 8.879151e-02 	 2.010565e-01 
398 	 8.887163e-02 	 2.010366e-01 
399 	 8.890767e-02 	 2.010371e-01 
400 	 8.889663e-02 	 2.010607e-01 
401 	 8.883673e-02 	 2.011049e-01 
402 	 8.872774e-02 	 2.011709e-01 
403 	 8.856777e-02 	 2.012614e-01 
404 	 8.835515e-02 	 2.013752e-01 
405 	 8.808980e-02 	 2.015112e-01 
406 	 8.777107e-02 	 2.016714e-01 
407 	 8.739922e-02 	 2.018545e-01 
408 	 8.697648e-02 	 2.020579e-01 
409 	 8.650388e-02 	 2.022820e-01 
410 	 8.598227e-02 	 2.025256e-01 
411 	 8.541515e-02 	 2.027860e-01 
412 	 8.480588e-02 	 2.030624e-01 
413 	 8.415635e-02 	 2.033525e-01 
414 	 8.346947e-02 	 2.036544e-01 
415 	 8.274827e-02 	 2.039683e-01 
416 	 8.199493e-02 	 2.042916e-01 
417 	 8.121242e-02 	 2.046216e-01 
418 	 8.040308e-02 	 2.049590e-01 
419 	 7.956746e-02 	 2.053035e-01 
420 	 7.870735e-02 	 2.056519e-01 
421 	 7.782521e-02 	 2.060038e-01 
422 	 7.692141e-02 	 2.063603e-01 
423 	 7.599625e-02 	 2.067190e-01 
424 	 7.505125e-02 	 2.070791e-01 
425 	 7.408725e-02 	 2.074416e-01 
426 	 7.310509e-02 	 2.078046e-01 
427 	 7.210604e-02 	 2.081669e-01 
428 	 7.109041e-02 	 2.085297e-01 
429 	 7.005896e-02 	 2.088918e-01 
430 	 6.901376e-02 	 2.092516e-01 
431 	 6.795558e-02 	 2.096093e-01 
432 	 6.688454e-02 	 2.099649e-01 
433 	 6.580240e-02 	 2.103171e-01 
434 	 6.471086e-02 	 2.106660e-01 
435 	 6.361070e-02 	 2.110106e-01 
436 	 6.250323e-02 	 2.113506e-01 
437 	 6.138963e-02 	 2.116867e-01 
438 	 6.027098e-02 	 2.120173e-01 
439 	 5.914920e-02 	 2.123413e-01 
440 	 5.802549e-02 	 2.126601e-01 
441 	 5.690030e-02 	 2.129729e-01 
442 	 5.577544e-02 	 2.132782e-01 
443 	 5.465297e-02 	 2.135765e-01 
444 	 5.353361e-02 	 2.138678e-01 
445 	 5.241854e-02 	 2.141509e-01 
446 	 5.130975e-02 	 2.144259e-01 
447 	 5.020878e-02 	 2.146932e-01 
448 	 4.911718e-02 	 2.149514e-01 
449 	 4.803645e-02 	 2.152008e-01 
450 	 4.696772e-02 	 2.154422e-01 
451 	 4.591281e-02 	 2.156741e-01 
452 	 4.487350e-02 	 2.158967e-01 
453 	 4.385039e-02 	 2.161107e-01 
454 	 4.284442e-02 	 2.163159e-01 
455 	 4.185729e-02 	 2.165120e-01 
456 	 4.088972e-02 	 2.166993e-01 
457 	 3.994200e-02 	 2.168780e-01 
458 	 3.901495e-02 	 2.170484e-01 
459 	 3.810916e-02 	 2.172108e-01 
460 	 3.722506e-02 	 2.173650e-01 
461 	 3.636302e-02 	 2.175115e-01 
462 	 3.552296e-02 	 2.176512e-01 
463 	 3.470509e-02 	 2.177834e-01 
464 	 3.391006e-02 	 2.179085e-01 
465 	 3.313763e-02 	 2.180276e-01 
466 	 3.238739e-02 	 2.181404e-01 
467 	 3.165968e-02 	 2.182468e-01 
468 	 3.095456e-02 	 2.183478e-01 
469 	 3.027146e-02 	 2.184432e-01 
470 	 2.961014e-02 	 2.185331e-01 
471 	 2.897040e-02 	 2.186183e-01 
472 	 2.835187e-02 	 2.186987e-01 
473 	 2.775417e-02 	 2.187741e-01 
474 	 2.717664e-02 	 2.188454e-01 
475 	 2.661876e-02 	 2.189128e-01 
476 	 2.608041e-02 	 2.189760e-01 
477 	 2.556098e-02 	 2.190355e-01 
478 	 2.505962e-02 	 2.190917e-01 
479 	 2.457617e-02 	 2.191445e-01 
480 	 2.411044e-02 	 2.191941e-01 
481 	 2.366176e-02 	 2.192409e-01 
482 	 2.322971e-02 	 2.192849e-01 
483 	 2.281418e-02 	 2.193264e-01 
484 	 2.241484e-02 	 2.193652e-01 
485 	 2.203137e-02 	 2.194016e-01 
486 	 2.166340e-02 	 2.194360e-01 
487 	 2.131060e-02 	 2.194684e-01 
488 	 2.097280e-02 	 2.194984e-01 
489 	 2.064956e-02 	 2.195267e-01 
490 	 2.034028e-02 	 2.195533e-01 
491 	 2.004471e-02 	 2.195779e-01 
492 	 1.976254e-02 	 2.196010e-01 
493 	 1.949298e-02 	 2.196227e-01 
494 	 1.923544e-02 	 2.196427e-01 
495 	 1.898948e-02 	 2.196616e-01 
496 	 1.875442e-02 	 2.196794e-01 
497 	 1.852948e-02 	 2.196959e-01 
498 	 1.831410e-02 	 2.197115e-01 
499 	 1.810774e-02 	 2.197261e-01 
500 	 1.790995e-02 	 2.197398e-01 
501 	 1.772025e-02 	 2.197527e-01 
502 	 1.753807e-02 	 2.197650e-01 
503 	 1.736315e-02 	 2.197766e-01 
504 	 1.719525e-02 	 2.197875e-01 
505 	 1.703389e-02 	 2.197981e-01 
506 	 1.687884e-02 	 2.198082e-01 
507 	 1.673005e-02 	 2.198177e-01 
508 	 1.658723e-02 	 2.198268e-01 
509 	 1.645012e-02 	 2.198353e-01 
510 	 1.631879e-02 	 2.198433e-01 
511 	 1.619338e-02 	 2.198508e-01 
512 	 1.607401e-02 	 2.198578e-01 
513 	 1.596082e-02 	 2.198643e-01 
514 	 1.585380e-02 	 2.198705e-01 
515 	 1.575271e-02 	 2.198762e-01 
516 	 1.565698e-02 	 2.198815e-01 
517 	 1.556600e-02 	 2.198864e-01 
518 	 1.547957e-02 	 2.198907e-01 
519 	 1.539783e-02 	 2.198945e-01 
520 	 1.532096e-02 	 2.198981e-01 
521 	 1.524909e-02 	 2.199014e-01 
522 	 1.518213e-02 	 2.199044e-01 
523 	 1.511941e-02 	 2.199073e-01 
524 	 1.505999e-02 	 2.199099e-01 
525 	 1.500326e-02 	 2.199123e-01 
526 	 1.494888e-02 	 2.199143e-01 
527 	 1.489689e-02 	 2.199161e-01 
528 	 1.484753e-02 	 2.199178e-01 
529 	 1.480089e-02 	 2.199196e-01 
530 	 1.475684e-02 	 2.199213e-01 
531 	 1.471515e-02 	 2.199229e-01 
532 	 1.467544e-02 	 2.199245e-01 
533 	 1.463751e-02 	 2.199261e-01 
534 	 1.460131e-02 	 2.199277e-01 
535 	 1.456658e-02 	 2.199292e-01 
536 	 1.453301e-02 	 2.199307e-01 
537 	 1.450046e-02 	 2.199321e-01 
538 	 1.446890e-02 	 2.199334e-01 
539 	 1.443839e-02 	 2.199345e-01 
540 	 1.440921e-02 	 2.199356e-01 
541 	 1.438156e-02 	 2.199367e-01 
542 	 1.435545e-02 	 2.199377e-01 
543 	 1.433071e-02 	 2.199386e-01 
544 	 1.430705e-02 	 2.199396e-01 
545 	 1.428429e-02 	 2.199404e-01 
546 	 1.426221e-02 	 2.199412e-01 
547 	 1.424039e-02 	 2.199422e-01 
548 	 1.421842e-02 	 2.199431e-01 
549 	 1.419588e-02 	 2.199440e-01 
550 	 1.417222e-02 	 2.199449e-01 
551 	 1.414710e-02 	 2.199459e-01 
552 	 1.412043e-02 	 2.199471e-01 
553 	 1.409200e-02 	 2.199484e-01 
554 	 1.406149e-02 	 2.199499e-01 
555 	 1.402866e-02 	 2.199517e-01 
556 	 1.399324e-02 	 2.199537e-01 
557 	 1.395496e-02 	 2.199559e-01 
558 	 1.391365e-02 	 2.199585e-01 
559 	 1.386897e-02 	 2.199615e-01 
560 	 1.382036e-02 	 2.199648e-01 
561 	 1.376721e-02 	 2.199684e-01 
562 	 1.370890e-02 	 2.199724e-01 
563 	 1.364495e-02 	 2.199768e-01 
564 	 1.357494e-02 	 2.199816e-01 
565 	 1.349836e-02 	 2.199870e-01 
566 	 1.341462e-02 	 2.199927e-01 
567 	 1.332331e-02 	 2.199988e-01 
568 	 1.322431e-02 	 2.200054e-01 
569 	 1.311761e-02 	 2.200125e-01 
570 	 1.300308e-02 	 2.200201e-01 
571 	 1.288056e-02 	 2.200283e-01 
572 	 1.274986e-02 	 2.200369e-01 
573 	 1.261072e-02 	 2.200460e-01 
574 	 1.246295e-02 	 2.200557e-01 
575 	 1.230642e-02 	 2.200659e-01 
576 	 1.214049e-02 	 2.200767e-01 
577 	 1.196422e-02 	 2.200880e-01 
578 	 1.177691e-02 	 2.200997e-01 
579 	 1.157805e-02 	 2.201119e-01 
580 	 1.136692e-02 	 2.201245e-01 
581 	 1.114274e-02 	 2.201377e-01 
582 	 1.090505e-02 	 2.201512e-01 
583 	 1.065354e-02 	 2.201651e-01 
584 	 1.038827e-02 	 2.201794e-01 
585 	 1.010967e-02 	 2.201942e-01 
586 	 9.817930e-03 	 2.202092e-01 
587 	 9.512744e-03 	 2.202242e-01 
588 	 9.194029e-03 	 2.202395e-01 
589 	 8.862061e-03 	 2.202547e-01 
590 	 8.516913e-03 	 2.202703e-01 
591 	 8.158581e-03 	 2.202864e-01 
592 	 7.787199e-03 	 2.203026e-01 
593 	 7.402851e-03 	 2.203189e-01 
594 	 7.005505e-03 	 2.203349e-01 
595 	 6.594701e-03 	 2.203506e-01 
596 	 6.169246e-03 	 2.203657e-01 
597 	 5.727687e-03 	 2.203799e-01 
598 	 5.268973e-03 	 2.203937e-01 
599 	 4.792812e-03 	 2.204071e-01 
600 	 4.299644e-03 	 2.204198e-01 
601 	 3.790016e-03 	 2.204319e-01 
602 	 3.264327e-03 	 2.204429e-01 
603 	 2.723343e-03 	 2.204524e-01 
604 	 2.168059e-03 	 2.204605e-01 
605 	 1.599186e-03 	 2.204674e-01 
606 	 1.017393e-03 	 2.204729e-01 
607 	 4.235573e-04 	 2.204769e-01 
608 	 -1.813132e-04 	 2.204792e-01 
609 	 -7.963701e-04 	 2.204797e-01 
610 	 -1.421477e-03 	 2.204788e-01 
611 	 -2.056879e-03 	 2.204763e-01 
612 	 -2.702489e-03 	 2.204719e-01 
613 	 -3.357882e-03 	 2.204660e-01 
614 	 -4.022218e-03 	 2.204584e-01 
615 	 -4.694887e-03 	 2.204483e-01 
616 	 -5.376393e-03 	 2.204357e-01 
617 	 -6.067068e-03 	 2.204206e-01 
618 	 -6.766359e-03 	 2.204025e-01 
619 	 -7.474214e-03 	 2.203819e-01 
620 	 -8.190575e-03 	 2.203585e-01 
621 	 -8.914516e-03 	 2.203316e-01 
622 	 -9.645480e-03 	 2.203016e-01 
623 	 -1.038302e-02 	 2.202687e-01 
624 	 -1.112592e-02 	 2.202329e-01 
625 	 -1.187303e-02 	 2.201943e-01 
626 	 -1.262287e-02 	 2.201526e-01 
627 	 -1.337298e-02 	 2.201081e-01 
628 	 -1.412130e-02 	 2.200612e-01 
629 	 -1.486655e-02 	 2.200115e-01 
630 	 -1.560755e-02 	 2.199596e-01 
631 	 -1.634277e-02 	 2.199055e-01 
632 	 -1.707020e-02 	 2.198490e-01 
633 	 -1.778856e-02 	 2.197909e-01 
634 	 -1.849776e-02 	 2.197312e-01 
635 	 -1.919761e-02 	 2.196696e-01 
636 	 -1.988800e-02 	 2.196067e-01 
637 	 -2.056904e-02 	 2.195428e-01 
638 	 -2.124033e-02 	 2.194772e-01 
639 	 -2.190202e-02 	 2.194104e-01 
640 	 -2.255473e-02 	 2.193425e-01 
641 	 -2.319812e-02 	 2.192733e-01 
642 	 -2.383198e-02 	 2.192034e-01 
643 	 -2.445631e-02 	 2.191320e-01 
644 	 -2.506978e-02 	 2.190590e-01 
645 	 -2.567124e-02 	 2.189858e-01 
646 	 -2.626015e-02 	 2.189119e-01 
647 	 -2.683558e-02 	 2.188374e-01 
648 	 -2.739681e-02 	 2.187629e-01 
649 	 -2.794257e-02 	 2.186881e-01 
650 	 -2.847093e-02 	 2.186137e-01 
651 	 -2.898159e-02 	 2.185412e-01 
652 	 -2.947463e-02 	 2.184693e-01 
653 	 -2.994915e-02 	 2.183982e-01 
654 	 -3.040475e-02 	 2.183294e-01 
655 	 -3.084091e-02 	 2.182619e-01 
656 	 -3.125696e-02 	 2.181962e-01 
657 	 -3.165355e-02 	 2.181331e-01 
658 	 -3.203078e-02 	 2.180714e-01 
659 	 -3.238761e-02 	 2.180113e-01 
660 	 -3.272381e-02 	 2.179538e-01 
661 	 -3.303904e-02 	 2.178982e-01 
662 	 -3.333272e-02 	 2.178451e-01 
663 	 -3.360484e-02 	 2.177946e-01 
664 	 -3.385488e-02 	 2.177460e-01 
665 	 -3.408220e-02 	 2.177002e-01 
666 	 -3.428629e-02 	 2.176577e-01 
667 	 -3.446651e-02 	 2.176188e-01 
668 	 -3.462356e-02 	 2.175841e-01 
669 	 -3.475842e-02 	 2.175526e-01 
670 	 -3.487083e-02 	 2.175243e-01 
671 	 -3.496092e-02 	 2.175004e-01 
672 	 -3.502849e-02 	 2.174798e-01 
673 	 -3.507265e-02 	 2.174624e-01 
674 	 -3.509400e-02 	 2.174484e-01 
675 	 -3.509298e-02 	 2.174373e-01 
676 	 -3.507010e-02 	 2.174312e-01 
677 	 -3.502894e-02 	 2.174298e-01 
678 	 -3.497268e-02 	 2.174300e-01 
679 	 -3.490123e-02 	 2.174313e-01 
680 	 -3.481254e-02 	 2.174332e-01 
681 	 -3.470201e-02 	 2.174352e-01 
682 	 -3.456503e-02 	 2.174407e-01 
683 	 -3.440135e-02 	 2.174510e-01 
684 	 -3.421411e-02 	 2.174660e-01 
685 	 -3.400889e-02 	 2.174879e-01 
686 	 -3.379147e-02 	 2.175139e-01 
687 	 -3.356265e-02 	 2.175402e-01 
688 	 -3.331800e-02 	 2.175668e-01 
689 	 -3.305013e-02 	 2.175927e-01 
690 	 -3.275160e-02 	 2.176203e-01 
691 	 -3.242043e-02 	 2.176563e-01 
692 	 -3.206128e-02 	 2.177009e-01 
693 	 -3.168207e-02 	 2.177514e-01 
694 	 -3.129077e-02 	 2.178060e-01 
695 	 -3.089022e-02 	 2.178606e-01 
696 	 -3.047790e-02 	 2.179139e-01 
697 	 -3.005120e-02 	 2.179676e-01 
698 	 -2.960895e-02 	 2.180209e-01 
699 	 -2.915168e-02 	 2.180741e-01 
700 	 -2.868089e-02 	 2.181282e-01 
701 	 -2.819587e-02 	 2.181819e-01 
702 	 -2.769549e-02 	 2.182351e-01 
703 	 -2.718109e-02 	 2.182884e-01 
704 	 -2.665590e-02 	 2.183435e-01 
705 	 -2.612600e-02 	 2.184020e-01 
706 	 -2.559758e-02 	 2.184615e-01 
707 	 -2.507195e-02 	 2.185186e-01 
708 	 -2.454646e-02 	 2.185717e-01 
709 	 -2.401579e-02 	 2.186212e-01 
710 	 -2.347429e-02 	 2.186713e-01 
711 	 -2.292087e-02 	 2.187240e-01 
712 	 -2.235674e-02 	 2.187769e-01 
713 	 -2.178172e-02 	 2.188304e-01 
714 	 -2.119562e-02 	 2.188849e-01 
715 	 -2.059846e-02 	 2.189401e-01 
716 	 -1.999234e-02 	 2.189991e-01 
717 	 -1.938357e-02 	 2.190605e-01 
718 	 -1.877778e-02 	 2.191205e-01 
719 	 -1.817619e-02 	 2.191794e-01 
720 	 -1.757648e-02 	 2.192349e-01 
721 	 -1.697462e-02 	 2.192853e-01 
722 	 -1.636891e-02 	 2.193338e-01 
723 	 -1.576025e-02 	 2.193803e-01 
724 	 -1.514873e-02 	 2.194241e-01 
725 	 -1.453350e-02 	 2.194663e-01 
726 	 -1.391386e-02 	 2.195046e-01 
727 	 -1.329112e-02 	 2.195405e-01 
728 	 -1.267041e-02 	 2.195789e-01 
729 	 -1.205755e-02 	 2.196179e-01 
730 	 -1.145668e-02 	 2.196549e-01 
731 	 -1.086982e-02 	 2.196894e-01 
732 	 -1.029594e-02 	 2.197204e-01 
733 	 -9.733981e-03 	 2.197502e-01 
734 	 -9.184487e-03 	 2.197802e-01 
735 	 -8.646344e-03 	 2.198073e-01 
736 	 -8.116657e-03 	 2.198306e-01 
737 	 -7.591470e-03 	 2.198517e-01 
738 	 -7.066735e-03 	 2.198720e-01 
739 	 -6.542577e-03 	 2.198933e-01 
740 	 -6.022114e-03 	 2.199151e-01 
741 	 -5.507057e-03 	 2.199368e-01 
742 	 -4.998192e-03 	 2.199586e-01 
743 	 -4.496083e-03 	 2.199802e-01 
744 	 -4.002428e-03 	 2.200023e-01 
745 	 -3.521219e-03 	 2.200248e-01 
746 	 -3.054409e-03 	 2.200461e-01 
747 	 -2.599908e-03 	 2.200657e-01 
748 	 -2.154631e-03 	 2.200819e-01 
749 	 -1.716225e-03 	 2.200948e-01 
750 	 -1.284021e-03 	 2.201069e-01 
751 	 -8.576308e-04 	 2.201172e-01 
752 	 -4.344730e-04 	 2.201243e-01 
753 	 -1.201911e-05 	 2.201291e-01 
754 	 4.096747e-04 	 2.201319e-01 
755 	 8.283233e-04 	 2.201352e-01 
756 	 1.240679e-03 	 2.201404e-01 
757 	 1.644754e-03 	 2.201442e-01 
758 	 2.039460e-03 	 2.201468e-01 
759 	 2.422713e-03 	 2.201506e-01 
760 	 2.792163e-03 	 2.201552e-01 
761 	 3.145839e-03 	 2.201607e-01 
762 	 3.483262e-03 	 2.201656e-01 
763 	 3.806568e-03 	 2.201681e-01 
764 	 4.118140e-03 	 2.201703e-01 
765 	 4.419499e-03 	 2.201727e-01 
766 	 4.712160e-03 	 2.201735e-01 
767 	 4.997471e-03 	 2.201732e-01 
768 	 5.277893e-03 	 2.201717e-01 
769 	 5.556004e-03 	 2.201691e-01 
770 	 5.831389e-03 	 2.201671e-01 
771 	 6.102419e-03 	 2.201654e-01 
772 	 6.368248e-03 	 2.201634e-01 
773 	 6.628154e-03 	 2.201618e-01 
774 	 6.881633e-03 	 2.201604e-01 
775 	 7.126782e-03 	 2.201596e-01 
776 	 7.360227e-03 	 2.201600e-01 
777 	 7.580889e-03 	 2.201609e-01 
778 	 7.790053e-03 	 2.201616e-01 
779 	 7.988818e-03 	 2.201618e-01 
780 	 8.177623e-03 	 2.201620e-01 
781 	 8.356634e-03 	 2.201623e-01 
782 	 8.527303e-03 	 2.201614e-01 
783 	 8.692530e-03 	 2.201590e-01 
784 	 8.854012e-03 	 2.201556e-01 
785 	 9.011843e-03 	 2.201518e-01 
786 	 9.166277e-03 	 2.201481e-01 
787 	 9.318451e-03 	 2.201438e-01 
788 	 9.469617e-03 	 2.201383e-01 
789 	 9.619492e-03 	 2.201330e-01 
790 	 9.766465e-03 	 2.201284e-01 
791 	 9.909249e-03 	 2.201241e-01 
792 	 1.004701e-02 	 2.201201e-01 
793 	 1.017902e-02 	 2.201161e-01 
794 	 1.030406e-02 	 2.201126e-01 
795 	 1.042034e-02 	 2.201106e-01 
796 	 1.052685e-02 	 2.201090e-01 
797 	 1.062354e-02 	 2.201072e-01 
798 	 1.071055e-02 	 2.201060e-01 
799 	 1.078852e-02 	 2.201051e-01 
800 	 1.085791e-02 	 2.201045e-01 
801 	 1.091901e-02 	 2.201041e-01 
802 	 1.097323e-02 	 2.201031e-01 
803 	 1.102222e-02 	 2.201018e-01 
804 	 1.106685e-02 	 2.201007e-01 
805 	 1.110781e-02 	 2.200993e-01 
806 	 1.114546e-02 	 2.200977e-01 
807 	 1.118075e-02 	 2.200959e-01 
808 	 1.121510e-02 	 2.200938e-01 
809 	 1.124864e-02 	 2.200917e-01 
810 	 1.128085e-02 	 2.200896e-01 
811 	 1.131209e-02 	 2.200875e-01 
812 	 1.134294e-02 	 2.200853e-01 
813 	 1.137370e-02 	 2.200829e-01 
814 	 1.140411e-02 	 2.200804e-01 
815 	 1.143329e-02 	 2.200782e-01 
816 	 1.146132e-02 	 2.200759e-01 
817 	 1.148900e-02 	 2.200733e-01 
818 	 1.151611e-02 	 2.200704e-01 
819 	 1.154208e-02 	 2.200677e-01 
820 	 1.156717e-02 	 2.200654e-01 
821 	 1.159202e-02 	 2.200627e-01 
822 	 1.161728e-02 	 2.200597e-01 
823 	 1.164335e-02 	 2.200567e-01 
824 	 1.167037e-02 	 2.200540e-01 
825 	 1.169900e-02 	 2.200511e-01 
826 	 1.173009e-02 	 2.200479e-01 
827 	 1.176414e-02 	 2.200439e-01 
828 	 1.180156e-02 	 2.200397e-01 
829 	 1.184266e-02 	 2.200355e-01 
830 	 1.188755e-02 	 2.200305e-01 
831 	 1.193668e-02 	 2.200246e-01 
832 	 1.199082e-02 	 2.200182e-01 
833 	 1.205042e-02 	 2.200112e-01 
834 	 1.211555e-02 	 2.200037e-01 
835 	 1.218654e-02 	 2.199955e-01 
836 	 1.226451e-02 	 2.199862e-01 
837 	 1.235070e-02 	 2.199763e-01 
838 	 1.244552e-02 	 2.199659e-01 
839 	 1.254899e-02 	 2.199545e-01 
840 	 1.266168e-02 	 2.199427e-01 
841 	 1.278480e-02 	 2.199298e-01 
842 	 1.291876e-02 	 2.199156e-01 
843 	 1.306260e-02 	 2.199015e-01 
844 	 1.321599e-02 	 2.198867e-01 
845 	 1.337943e-02 	 2.198704e-01 
846 	 1.355264e-02 	 2.198537e-01 
847 	 1.373454e-02 	 2.198365e-01 
848 	 1.392392e-02 	 2.198192e-01 
849 	 1.412034e-02 	 2.198017e-01 
850 	 1.432416e-02 	 2.197829e-01 
851 	 1.453466e-02 	 2.197639e-01 
852 	 1.475052e-02 	 2.197456e-01 
853 	 1.497204e-02 	 2.197265e-01 
854 	 1.519986e-02 	 2.197064e-01 
855 	 1.543401e-02 	 2.196856e-01 
856 	 1.567434e-02 	 2.196647e-01 
857 	 1.592039e-02 	 2.196438e-01 
858 	 1.617286e-02 	 2.196214e-01 
859 	 1.643317e-02 	 2.195972e-01 
860 	 1.670121e-02 	 2.195727e-01 
861 	 1.697683e-02 	 2.195478e-01 
862 	 1.726075e-02 	 2.195213e-01 
863 	 1.755357e-02 	 2.194931e-01 
864 	 1.785603e-02 	 2.194639e-01 
865 	 1.816809e-02 	 2.194342e-01 
866 	 1.848905e-02 	 2.194032e-01 
867 	 1.881956e-02 	 2.193704e-01 
868 	 1.916057e-02 	 2.193365e-01 
869 	 1.951190e-02 	 2.193013e-01 
870 	 1.987287e-02 	 2.192652e-01 
871 	 2.024285e-02 	 2.192275e-01 
872 	 2.062215e-02 	 2.191879e-01 
873 	 2.101100e-02 	 2.191473e-01 
874 	 2.140800e-02 	 2.191059e-01 
875 	 2.181188e-02 	 2.190628e-01 
876 	 2.222264e-02 	 2.190186e-01 
877 	 2.264025e-02 	 2.189729e-01 
878 	 2.306363e-02 	 2.189261e-01 
879 	 2.349104e-02 	 2.188790e-01 
880 	 2.392209e-02 	 2.188303e-01 
881 	 2.435739e-02 	 2.187803e-01 
882 	 2.479586e-02 	 2.187302e-01 
883 	 2.523572e-02 	 2.186793e-01 
884 	 2.567667e-02 	 2.186277e-01 
885 	 2.611956e-02 	 2.185751e-01 
886 	 2.656465e-02 	 2.185210e-01 
887 	 2.701036e-02 	 2.184673e-01 
888 	 2.745612e-02 	 2.184130e-01 
889 	 2.790387e-02 	 2.183561e-01 
890 	 2.835419e-02 	 2.182982e-01 
891 	 2.880593e-02 	 2.182396e-01 
892 	 2.925914e-02 	 2.181793e-01 
893 	 2.971500e-02 	 2.181172e-01 
894 	 3.017488e-02 	 2.180526e-01 
895 	 3.063834e-02 	 2.179867e-01 
896 	 3.110405e-02 	 2.179197e-01 
897 	 3.157329e-02 	 2.178497e-01 
898 	 3.204738e-02 	 2.177776e-01 
899 	 3.252517e-02 	 2.177048e-01 
900 	 3.300575e-02 	 2.176305e-01 
901 	 3.348910e-02 	 2.175546e-01 
902 	 3.397570e-02 	 2.174764e-01 
903 	 3.446574e-02 	 2.173969e-01 
904 	 3.495778e-02 	 2.173171e-01 
905 	 3.545141e-02 	 2.172353e-01 
906 	 3.594774e-02 	 2.171513e-01 
907 	 3.644636e-02 	 2.170663e-01 
908 	 3.694619e-02 	 2.169800e-01 
909 	 3.744686e-02 	 2.168924e-01 
910 	 3.794834e-02 	 2.168033e-01 
911 	 3.845029e-02 	 2.167131e-01 
912 	 3.895086e-02 	 2.166231e-01 
913 	 3.944829e-02 	 2.165325e-01 
914 	 3.994224e-02 	 2.164412e-01 
915 	 4.043202e-02 	 2.163502e-01 
916 	 4.091601e-02 	 2.162598e-01 
917 	 4.139258e-02 	 2.161703e-01 
918 	 4.186156e-02 	 2.160806e-01 
919 	 4.232400e-02 	 2.159903e-01 
920 	 4.277932e-02 	 2.159013e-01 
921 	 4.322640e-02 	 2.158133e-01 
922 	 4.366594e-02 	 2.157246e-01 
923 	 4.409879e-02 	 2.156357e-01 
924 	 4.452507e-02 	 2.155470e-01 
925 	 4.494431e-02 	 2.154590e-01 
926 	 4.535648e-02 	 2.153705e-01 
927 	 4.576348e-02 	 2.152810e-01 
928 	 4.616606e-02 	 2.151928e-01 
929 	 4.656291e-02 	 2.151053e-01 
930 	 4.695451e-02 	 2.150170e-01 
931 	 4.734233e-02 	 2.149286e-01 
932 	 4.772677e-02 	 2.148408e-01 
933 	 4.810718e-02 	 2.147541e-01 
934 	 4.848297e-02 	 2.146670e-01 
935 	 4.885574e-02 	 2.145783e-01 
936 	 4.922674e-02 	 2.144915e-01 
937 	 4.959418e-02 	 2.144062e-01 
938 	 4.995743e-02 	 2.143201e-01 
939 	 5.031759e-02 	 2.142348e-01 
940 	 5.067412e-02 	 2.141505e-01 
941 	 5.102488e-02 	 2.140679e-01 
942 	 5.136773e-02 	 2.139877e-01 
943 	 5.170178e-02 	 2.139088e-01 
944 	 5.202573e-02 	 2.138331e-01 
945 	 5.233600e-02 	 2.137620e-01 
946 	 5.263054e-02 	 2.136933e-01 
947 	 5.290962e-02 	 2.136285e-01 
948 	 5.317220e-02 	 2.135690e-01 
949 	 5.341625e-02 	 2.135137e-01 
950 	 5.364061e-02 	 2.134636e-01 
951 	 5.384554e-02 	 2.134181e-01 
952 	 5.403145e-02 	 2.133773e-01 
953 	 5.419692e-02 	 2.133431e-01 
954 	 5.434152e-02 	 2.133135e-01 
955 	 5.446727e-02 	 2.132878e-01 
956 	 5.457528e-02 	 2.132673e-01 
957 	 5.466502e-02 	 2.132513e-01 
958 	 5.473614e-02 	 2.132400e-01 
959 	 5.478969e-02 	 2.132330e-01 
960 	 5.482665e-02 	 2.132296e-01 
961 	 5.484582e-02 	 2.132319e-01 
962 	 5.484646e-02 	 2.132395e-01 
963 	 5.482960e-02 	 2.132514e-01 
964 	 5.479505e-02 	 2.132684e-01 
965 	 5.474168e-02 	 2.132911e-01 
966 	 5.466917e-02 	 2.133191e-01 
967 	 5.457844e-02 	 2.133514e-01 
968 	 5.447077e-02 	 2.133880e-01 
969 	 5.434590e-02 	 2.134300e-01 
970 	 5.420406e-02 	 2.134755e-01 
971 	 5.404745e-02 	 2.135232e-01 
972 	 5.387694e-02 	 2.135743e-01 
973 	 5.369243e-02 	 2.136295e-01 
974 	 5.349476e-02 	 2.136878e-01 
975 	 5.328474e-02 	 2.137476e-01 
976 	 5.306285e-02 	 2.138098e-01 
977 	 5.282835e-02 	 2.138769e-01 
978 	 5.257979e-02 	 2.139472e-01 
979 	 5.231710e-02 	 2.140196e-01 
980 	 5.203949e-02 	 2.140966e-01 
981 	 5.174476e-02 	 2.141783e-01 
982 	 5.143138e-02 	 2.142641e-01 
983 	 5.109849e-02 	 2.143540e-01 
984 	 5.074499e-02 	 2.144483e-01 
985 	 5.036932e-02 	 2.145485e-01 
986 	 4.997061e-02 	 2.146527e-01 
987 	 4.954974e-02 	 2.147602e-01 
988 	 4.910734e-02 	 2.148731e-01 
989 	 4.864345e-02 	 2.149894e-01 
990 	 4.815956e-02 	 2.151076e-01 
991 	 4.765809e-02 	 2.152288e-01 
992 	 4.714104e-02 	 2.153519e-01 
993 	 4.660973e-02 	 2.154765e-01 
994 	 4.606591e-02 	 2.156017e-01 
995 	 4.551213e-02 	 2.157263e-01 
996 	 4.494961e-02 	 2.158516e-01 
997 	 4.437867e-02 	 2.159769e-01 
998 	 4.380063e-02 	 2.161004e-01 
999 	 4.321630e-02 	 2.162232e-01 
1000 	 4.262539e-02 	 2.163454e-01 
