1 	 1.261284e+02 	 1.288809e+02 
2 	 1.261283e+02 	 1.288948e+02 
3 	 1.261282e+02 	 1.289179e+02 
4 	 1.261281e+02 	 1.289502e+02 
5 	 1.261280e+02 	 1.289918e+02 
6 	 1.261278e+02 	 1.290425e+02 
7 	 1.261275e+02 	 1.291025e+02 
8 	 1.261273e+02 	 1.291716e+02 
9 	 1.261270e+02 	 1.292499e+02 
10 	 1.261266e+02 	 1.293373e+02 
11 	 1.261263e+02 	 1.294339e+02 
12 	 1.261258e+02 	 1.295396e+02 
13 	 1.261254e+02 	 1.296543e+02 
14 	 1.261248e+02 	 1.297781e+02 
15 	 1.261242e+02 	 1.299108e+02 
16 	 1.261236e+02 	 1.300525e+02 
17 	 1.261229e+02 	 1.302031e+02 
18 	 1.261220e+02 	 1.303625e+02 
19 	 1.261211e+02 	 1.305307e+02 
20 	 1.261200e+02 	 1.307075e+02 
21 	 1.261188e+02 	 1.308930e+02 
22 	 1.261174e+02 	 1.310870e+02 
23 	 1.261158e+02 	 1.312895e+02 
24 	 1.261141e+02 	 1.315003e+02 
25 	 1.261121e+02 	 1.317194e+02 
26 	 1.261098e+02 	 1.319467e+02 
27 	 1.261072e+02 	 1.321820e+02 
28 	 1.261044e+02 	 1.324254e+02 
29 	 1.261012e+02 	 1.326766e+02 
30 	 1.260976e+02 	 1.329356e+02 
31 	 1.260937e+02 	 1.332022e+02 
32 	 1.260893e+02 	 1.334764e+02 
33 	 1.260844e+02 	 1.337580e+02 
34 	 1.260790e+02 	 1.340470e+02 
35 	 1.260731e+02 	 1.343430e+02 
36 	 1.260667e+02 	 1.346462e+02 
37 	 1.260596e+02 	 1.349562e+02 
38 	 1.260518e+02 	 1.352729e+02 
39 	 1.260432e+02 	 1.355962e+02 
40 	 1.260339e+02 	 1.359259e+02 
41 	 1.260238e+02 	 1.362619e+02 
42 	 1.260127e+02 	 1.366039e+02 
43 	 1.260006e+02 	 1.369518e+02 
44 	 1.259875e+02 	 1.373053e+02 
45 	 1.259733e+02 	 1.376642e+02 
46 	 1.259578e+02 	 1.380284e+02 
47 	 1.259410e+02 	 1.383977e+02 
48 	 1.259228e+02 	 1.387717e+02 
49 	 1.259032e+02 	 1.391502e+02 
50 	 1.258819e+02 	 1.395331e+02 
51 	 1.258590e+02 	 1.399201e+02 
52 	 1.258342e+02 	 1.403108e+02 
53 	 1.258076e+02 	 1.407051e+02 
54 	 1.257789e+02 	 1.411027e+02 
55 	 1.257481e+02 	 1.415033e+02 
56 	 1.257150e+02 	 1.419066e+02 
57 	 1.256795e+02 	 1.423124e+02 
58 	 1.256415e+02 	 1.427203e+02 
59 	 1.256009e+02 	 1.431301e+02 
60 	 1.255575e+02 	 1.435415e+02 
61 	 1.255111e+02 	 1.439541e+02 
62 	 1.254617e+02 	 1.443677e+02 
63 	 1.254090e+02 	 1.447819e+02 
64 	 1.253530e+02 	 1.451964e+02 
65 	 1.252934e+02 	 1.456109e+02 
66 	 1.252302e+02 	 1.460250e+02 
67 	 1.251631e+02 	 1.464385e+02 
68 	 1.250920e+02 	 1.468509e+02 
69 	 1.250167e+02 	 1.472621e+02 
70 	 1.249371e+02 	 1.476715e+02 
71 	 1.248529e+02 	 1.480789e+02 
72 	 1.247641e+02 	 1.484839e+02 
73 	 1.246705e+02 	 1.488863e+02 
74 	 1.245719e+02 	 1.492856e+02 
75 	 1.244681e+02 	 1.496815e+02 
76 	 1.243590e+02 	 1.500738e+02 
77 	 1.242443e+02 	 1.504620e+02 
78 	 1.241241e+02 	 1.508458e+02 
79 	 1.239980e+02 	 1.512249e+02 
80 	 1.238660e+02 	 1.515990e+02 
81 	 1.237279e+02 	 1.519678e+02 
82 	 1.235836e+02 	 1.523310e+02 
83 	 1.234329e+02 	 1.526882e+02 
84 	 1.232757e+02 	 1.530391e+02 
85 	 1.231118e+02 	 1.533835e+02 
86 	 1.229412e+02 	 1.537211e+02 
87 	 1.227637e+02 	 1.540516e+02 
88 	 1.225792e+02 	 1.543747e+02 
89 	 1.223877e+02 	 1.546901e+02 
90 	 1.221890e+02 	 1.549977e+02 
91 	 1.219832e+02 	 1.552971e+02 
92 	 1.217700e+02 	 1.555882e+02 
93 	 1.215494e+02 	 1.558706e+02 
94 	 1.213215e+02 	 1.561443e+02 
95 	 1.210861e+02 	 1.564089e+02 
96 	 1.208433e+02 	 1.566643e+02 
97 	 1.205931e+02 	 1.569103e+02 
98 	 1.203354e+02 	 1.571468e+02 
99 	 1.200702e+02 	 1.573735e+02 
100 	 1.197977e+02 	 1.575904e+02 
101 	 1.195178e+02 	 1.577972e+02 
102 	 1.192306e+02 	 1.579939e+02 
103 	 1.189361e+02 	 1.581804e+02 
104 	 1.186346e+02 	 1.583565e+02 
105 	 1.183260e+02 	 1.585222e+02 
106 	 1.180104e+02 	 1.586773e+02 
107 	 1.176881e+02 	 1.588218e+02 
108 	 1.173592e+02 	 1.589558e+02 
109 	 1.170237e+02 	 1.590790e+02 
110 	 1.166819e+02 	 1.591914e+02 
111 	 1.163341e+02 	 1.592932e+02 
112 	 1.159803e+02 	 1.593841e+02 
113 	 1.156207e+02 	 1.594643e+02 
114 	 1.152557e+02 	 1.595337e+02 
115 	 1.148855e+02 	 1.595924e+02 
116 	 1.145103e+02 	 1.596403e+02 
117 	 1.141304e+02 	 1.596775e+02 
118 	 1.137461e+02 	 1.597040e+02 
119 	 1.133576e+02 	 1.597199e+02 
120 	 1.129653e+02 	 1.597253e+02 
121 	 1.125694e+02 	 1.597202e+02 
122 	 1.121704e+02 	 1.597046e+02 
123 	 1.117685e+02 	 1.596787e+02 
124 	 1.113640e+02 	 1.596425e+02 
125 	 1.109574e+02 	 1.595962e+02 
126 	 1.105490e+02 	 1.595397e+02 
127 	 1.101391e+02 	 1.594734e+02 
128 	 1.097281e+02 	 1.593971e+02 
129 	 1.093164e+02 	 1.593111e+02 
130 	 1.089044e+02 	 1.592155e+02 
131 	 1.084924e+02 	 1.591103e+02 
132 	 1.080809e+02 	 1.589958e+02 
133 	 1.076701e+02 	 1.588721e+02 
134 	 1.072606e+02 	 1.587392e+02 
135 	 1.068527e+02 	 1.585973e+02 
136 	 1.064467e+02 	 1.584466e+02 
137 	 1.060431e+02 	 1.582873e+02 
138 	 1.056422e+02 	 1.581193e+02 
139 	 1.052444e+02 	 1.579430e+02 
140 	 1.048501e+02 	 1.577584e+02 
141 	 1.044597e+02 	 1.575658e+02 
142 	 1.040734e+02 	 1.573652e+02 
143 	 1.036918e+02 	 1.571568e+02 
144 	 1.033150e+02 	 1.569408e+02 
145 	 1.029434e+02 	 1.567174e+02 
146 	 1.025774e+02 	 1.564866e+02 
147 	 1.022173e+02 	 1.562488e+02 
148 	 1.018634e+02 	 1.560039e+02 
149 	 1.015159e+02 	 1.557523e+02 
150 	 1.011752e+02 	 1.554941e+02 
151 	 1.008415e+02 	 1.552294e+02 
152 	 1.005151e+02 	 1.549584e+02 
153 	 1.001962e+02 	 1.546813e+02 
154 	 9.988499e+01 	 1.543983e+02 
155 	 9.958179e+01 	 1.541095e+02 
156 	 9.928674e+01 	 1.538152e+02 
157 	 9.900003e+01 	 1.535154e+02 
158 	 9.872183e+01 	 1.532104e+02 
159 	 9.845226e+01 	 1.529004e+02 
160 	 9.819146e+01 	 1.525856e+02 
161 	 9.793953e+01 	 1.522661e+02 
162 	 9.769658e+01 	 1.519421e+02 
163 	 9.746272e+01 	 1.516138e+02 
164 	 9.723806e+01 	 1.512814e+02 
165 	 9.702270e+01 	 1.509451e+02 
166 	 9.681667e+01 	 1.506049e+02 
167 	 9.661998e+01 	 1.502612e+02 
168 	 9.643253e+01 	 1.499141e+02 
169 	 9.625424e+01 	 1.495640e+02 
170 	 9.608503e+01 	 1.492110e+02 
171 	 9.592488e+01 	 1.488553e+02 
172 	 9.577382e+01 	 1.484971e+02 
173 	 9.563191e+01 	 1.481366e+02 
174 	 9.549916e+01 	 1.477738e+02 
175 	 9.537552e+01 	 1.474089e+02 
176 	 9.526088e+01 	 1.470421e+02 
177 	 9.515514e+01 	 1.466736e+02 
178 	 9.505813e+01 	 1.463037e+02 
179 	 9.496967e+01 	 1.459326e+02 
180 	 9.488957e+01 	 1.455605e+02 
181 	 9.481755e+01 	 1.451878e+02 
182 	 9.475339e+01 	 1.448145e+02 
183 	 9.469686e+01 	 1.444411e+02 
184 	 9.464780e+01 	 1.440677e+02 
185 	 9.460606e+01 	 1.436945e+02 
186 	 9.457147e+01 	 1.433216e+02 
187 	 9.454391e+01 	 1.429493e+02 
188 	 9.452326e+01 	 1.425777e+02 
189 	 9.450943e+01 	 1.422070e+02 
190 	 9.450232e+01 	 1.418372e+02 
191 	 9.450179e+01 	 1.414685e+02 
192 	 9.450768e+01 	 1.411011e+02 
193 	 9.451982e+01 	 1.407353e+02 
194 	 9.453802e+01 	 1.403710e+02 
195 	 9.456205e+01 	 1.400087e+02 
196 	 9.459168e+01 	 1.396484e+02 
197 	 9.462662e+01 	 1.392904e+02 
198 	 9.466660e+01 	 1.389351e+02 
199 	 9.471134e+01 	 1.385825e+02 
200 	 9.476057e+01 	 1.382330e+02 
201 	 9.481404e+01 	 1.378868e+02 
202 	 9.487146e+01 	 1.375440e+02 
203 	 9.493262e+01 	 1.372050e+02 
204 	 9.499732e+01 	 1.368699e+02 
205 	 9.506536e+01 	 1.365389e+02 
206 	 9.513659e+01 	 1.362122e+02 
207 	 9.521085e+01 	 1.358898e+02 
208 	 9.528803e+01 	 1.355720e+02 
209 	 9.536803e+01 	 1.352588e+02 
210 	 9.545075e+01 	 1.349504e+02 
211 	 9.553610e+01 	 1.346469e+02 
212 	 9.562399e+01 	 1.343483e+02 
213 	 9.571436e+01 	 1.340549e+02 
214 	 9.580710e+01 	 1.337666e+02 
215 	 9.590214e+01 	 1.334836e+02 
216 	 9.599938e+01 	 1.332060e+02 
217 	 9.609871e+01 	 1.329339e+02 
218 	 9.620004e+01 	 1.326675e+02 
219 	 9.630325e+01 	 1.324068e+02 
220 	 9.640823e+01 	 1.321520e+02 
221 	 9.651486e+01 	 1.319031e+02 
222 	 9.662302e+01 	 1.316605e+02 
223 	 9.673260e+01 	 1.314240e+02 
224 	 9.684348e+01 	 1.311940e+02 
225 	 9.695554e+01 	 1.309704e+02 
226 	 9.706870e+01 	 1.307534e+02 
227 	 9.718283e+01 	 1.305432e+02 
228 	 9.729787e+01 	 1.303398e+02 
229 	 9.741371e+01 	 1.301433e+02 
230 	 9.753028e+01 	 1.299538e+02 
231 	 9.764753e+01 	 1.297714e+02 
232 	 9.776538e+01 	 1.295962e+02 
233 	 9.788377e+01 	 1.294283e+02 
234 	 9.800267e+01 	 1.292677e+02 
235 	 9.812202e+01 	 1.291144e+02 
236 	 9.824180e+01 	 1.289686e+02 
237 	 9.836195e+01 	 1.288304e+02 
238 	 9.848247e+01 	 1.286996e+02 
239 	 9.860331e+01 	 1.285765e+02 
240 	 9.872445e+01 	 1.284610e+02 
241 	 9.884587e+01 	 1.283532e+02 
242 	 9.896754e+01 	 1.282531e+02 
243 	 9.908946e+01 	 1.281608e+02 
244 	 9.921160e+01 	 1.280762e+02 
245 	 9.933394e+01 	 1.279995e+02 
246 	 9.945647e+01 	 1.279305e+02 
247 	 9.957917e+01 	 1.278695e+02 
248 	 9.970203e+01 	 1.278163e+02 
249 	 9.982505e+01 	 1.277711e+02 
250 	 9.994820e+01 	 1.277338e+02 
251 	 1.000715e+02 	 1.277044e+02 
252 	 1.001949e+02 	 1.276830e+02 
253 	 1.003184e+02 	 1.276695e+02 
254 	 1.004420e+02 	 1.276641e+02 
255 	 1.005657e+02 	 1.276666e+02 
256 	 1.006895e+02 	 1.276771e+02 
257 	 1.008134e+02 	 1.276956e+02 
258 	 1.009374e+02 	 1.277221e+02 
259 	 1.010614e+02 	 1.277567e+02 
260 	 1.011855e+02 	 1.277992e+02 
261 	 1.013097e+02 	 1.278497e+02 
262 	 1.014339e+02 	 1.279082e+02 
263 	 1.015582e+02 	 1.279747e+02 
264 	 1.016826e+02 	 1.280491e+02 
265 	 1.018070e+02 	 1.281315e+02 
266 	 1.019314e+02 	 1.282219e+02 
267 	 1.020560e+02 	 1.283201e+02 
268 	 1.021805e+02 	 1.284263e+02 
269 	 1.023051e+02 	 1.285404e+02 
270 	 1.024298e+02 	 1.286623e+02 
271 	 1.025545e+02 	 1.287921e+02 
272 	 1.026793e+02 	 1.289297e+02 
273 	 1.028041e+02 	 1.290752e+02 
274 	 1.029290e+02 	 1.292284e+02 
275 	 1.030539e+02 	 1.293893e+02 
276 	 1.031789e+02 	 1.295580e+02 
277 	 1.033039e+02 	 1.297344e+02 
278 	 1.034290e+02 	 1.299184e+02 
279 	 1.035542e+02 	 1.301100e+02 
280 	 1.036794e+02 	 1.303092e+02 
281 	 1.038047e+02 	 1.305160e+02 
282 	 1.039301e+02 	 1.307302e+02 
283 	 1.040556e+02 	 1.309519e+02 
284 	 1.041812e+02 	 1.311811e+02 
285 	 1.043069e+02 	 1.314175e+02 
286 	 1.044327e+02 	 1.316613e+02 
287 	 1.045586e+02 	 1.319124e+02 
288 	 1.046847e+02 	 1.321707e+02 
289 	 1.048110e+02 	 1.324361e+02 
290 	 1.049374e+02 	 1.327086e+02 
291 	 1.050640e+02 	 1.329882e+02 
292 	 1.051908e+02 	 1.332748e+02 
293 	 1.053179e+02 	 1.335682e+02 
294 	 1.054452e+02 	 1.338686e+02 
295 	 1.055728e+02 	 1.341757e+02 
296 	 1.057007e+02 	 1.344895e+02 
297 	 1.058290e+02 	 1.348100e+02 
298 	 1.059576e+02 	 1.351370e+02 
299 	 1.060866e+02 	 1.354706e+02 
300 	 1.062161e+02 	 1.358105e+02 
301 	 1.063461e+02 	 1.361568e+02 
302 	 1.064766e+02 	 1.365094e+02 
303 	 1.066077e+02 	 1.368681e+02 
304 	 1.067394e+02 	 1.372329e+02 
305 	 1.068718e+02 	 1.376037e+02 
306 	 1.070050e+02 	 1.379804e+02 
307 	 1.071389e+02 	 1.383629e+02 
308 	 1.072737e+02 	 1.387511e+02 
309 	 1.074093e+02 	 1.391449e+02 
310 	 1.075460e+02 	 1.395443e+02 
311 	 1.076837e+02 	 1.399490e+02 
312 	 1.078226e+02 	 1.403591e+02 
313 	 1.079626e+02 	 1.407743e+02 
314 	 1.081039e+02 	 1.411946e+02 
315 	 1.082466e+02 	 1.416199e+02 
316 	 1.083908e+02 	 1.420500e+02 
317 	 1.085365e+02 	 1.424849e+02 
318 	 1.086838e+02 	 1.429244e+02 
319 	 1.088328e+02 	 1.433684e+02 
320 	 1.089837e+02 	 1.438167e+02 
321 	 1.091364e+02 	 1.442693e+02 
322 	 1.092912e+02 	 1.447261e+02 
323 	 1.094481e+02 	 1.451868e+02 
324 	 1.096073e+02 	 1.456514e+02 
325 	 1.097687e+02 	 1.461198e+02 
326 	 1.099326e+02 	 1.465918e+02 
327 	 1.100991e+02 	 1.470672e+02 
328 	 1.102682e+02 	 1.475460e+02 
329 	 1.104401e+02 	 1.480280e+02 
330 	 1.106148e+02 	 1.485131e+02 
331 	 1.107925e+02 	 1.490012e+02 
332 	 1.109734e+02 	 1.494920e+02 
333 	 1.111574e+02 	 1.499856e+02 
334 	 1.113447e+02 	 1.504817e+02 
335 	 1.115355e+02 	 1.509801e+02 
336 	 1.117298e+02 	 1.514809e+02 
337 	 1.119278e+02 	 1.519838e+02 
338 	 1.121295e+02 	 1.524887e+02 
339 	 1.123350e+02 	 1.529954e+02 
340 	 1.125445e+02 	 1.535039e+02 
341 	 1.127580e+02 	 1.540140e+02 
342 	 1.129757e+02 	 1.545255e+02 
343 	 1.131976e+02 	 1.550384e+02 
344 	 1.134238e+02 	 1.555524e+02 
345 	 1.136545e+02 	 1.560675e+02 
346 	 1.138897e+02 	 1.565835e+02 
347 	 1.141294e+02 	 1.571002e+02 
348 	 1.143738e+02 	 1.576176e+02 
349 	 1.146230e+02 	 1.581354e+02 
350 	 1.148769e+02 	 1.586536e+02 
351 	 1.151356e+02 	 1.591719e+02 
352 	 1.153993e+02 	 1.596903e+02 
353 	 1.156680e+02 	 1.602086e+02 
354 	 1.159417e+02 	 1.607266e+02 
355 	 1.162205e+02 	 1.612443e+02 
356 	 1.165044e+02 	 1.617615e+02 
357 	 1.167935e+02 	 1.622780e+02 
358 	 1.170878e+02 	 1.627937e+02 
359 	 1.173873e+02 	 1.633084e+02 
360 	 1.176920e+02 	 1.638221e+02 
361 	 1.180020e+02 	 1.643344e+02 
362 	 1.183172e+02 	 1.648453e+02 
363 	 1.186377e+02 	 1.653546e+02 
364 	 1.189634e+02 	 1.658620e+02 
365 	 1.192943e+02 	 1.663675e+02 
366 	 1.196303e+02 	 1.668709e+02 
367 	 1.199715e+02 	 1.673720e+02 
368 	 1.203178e+02 	 1.678707e+02 
369 	 1.206692e+02 	 1.683667e+02 
370 	 1.210256e+02 	 1.688600e+02 
371 	 1.213870e+02 	 1.693503e+02 
372 	 1.217532e+02 	 1.698376e+02 
373 	 1.221244e+02 	 1.703216e+02 
374 	 1.225003e+02 	 1.708023e+02 
375 	 1.228809e+02 	 1.712794e+02 
376 	 1.232661e+02 	 1.717529e+02 
377 	 1.236558e+02 	 1.722225e+02 
378 	 1.240498e+02 	 1.726881e+02 
379 	 1.244481e+02 	 1.731495e+02 
380 	 1.248504e+02 	 1.736066e+02 
381 	 1.252567e+02 	 1.740591e+02 
382 	 1.256666e+02 	 1.745069e+02 
383 	 1.260802e+02 	 1.749497e+02 
384 	 1.264971e+02 	 1.753875e+02 
385 	 1.269172e+02 	 1.758199e+02 
386 	 1.273403e+02 	 1.762469e+02 
387 	 1.277662e+02 	 1.766683e+02 
388 	 1.281947e+02 	 1.770839e+02 
389 	 1.286256e+02 	 1.774935e+02 
390 	 1.290587e+02 	 1.778971e+02 
391 	 1.294938e+02 	 1.782946e+02 
392 	 1.299307e+02 	 1.786858e+02 
393 	 1.303691e+02 	 1.790706e+02 
394 	 1.308089e+02 	 1.794490e+02 
395 	 1.312498e+02 	 1.798208e+02 
396 	 1.316917e+02 	 1.801860e+02 
397 	 1.321343e+02 	 1.805445e+02 
398 	 1.325775e+02 	 1.808961e+02 
399 	 1.330209e+02 	 1.812408e+02 
400 	 1.334644e+02 	 1.815784e+02 
401 	 1.339078e+02 	 1.819090e+02 
402 	 1.343507e+02 	 1.822322e+02 
403 	 1.347929e+02 	 1.825481e+02 
404 	 1.352343e+02 	 1.828565e+02 
405 	 1.356744e+02 	 1.831573e+02 
406 	 1.361131e+02 	 1.834503e+02 
407 	 1.365501e+02 	 1.837355e+02 
408 	 1.369851e+02 	 1.840127e+02 
409 	 1.374179e+02 	 1.842819e+02 
410 	 1.378482e+02 	 1.845429e+02 
411 	 1.382758e+02 	 1.847956e+02 
412 	 1.387005e+02 	 1.850401e+02 
413 	 1.391220e+02 	 1.852761e+02 
414 	 1.395403e+02 	 1.855038e+02 
415 	 1.399550e+02 	 1.857230e+02 
416 	 1.403660e+02 	 1.859337e+02 
417 	 1.407732e+02 	 1.861360e+02 
418 	 1.411765e+02 	 1.863298e+02 
419 	 1.415757e+02 	 1.865152e+02 
420 	 1.419706e+02 	 1.866922e+02 
421 	 1.423612e+02 	 1.868608e+02 
422 	 1.427473e+02 	 1.870212e+02 
423 	 1.431289e+02 	 1.871735e+02 
424 	 1.435058e+02 	 1.873176e+02 
425 	 1.438780e+02 	 1.874536e+02 
426 	 1.442453e+02 	 1.875818e+02 
427 	 1.446076e+02 	 1.877021e+02 
428 	 1.449650e+02 	 1.878146e+02 
429 	 1.453172e+02 	 1.879195e+02 
430 	 1.456643e+02 	 1.880167e+02 
431 	 1.460061e+02 	 1.881066e+02 
432 	 1.463426e+02 	 1.881890e+02 
433 	 1.466737e+02 	 1.882641e+02 
434 	 1.469994e+02 	 1.883321e+02 
435 	 1.473196e+02 	 1.883929e+02 
436 	 1.476343e+02 	 1.884467e+02 
437 	 1.479435e+02 	 1.884937e+02 
438 	 1.482471e+02 	 1.885338e+02 
439 	 1.485451e+02 	 1.885674e+02 
440 	 1.488375e+02 	 1.885943e+02 
441 	 1.491243e+02 	 1.886149e+02 
442 	 1.494055e+02 	 1.886292e+02 
443 	 1.496811e+02 	 1.886374e+02 
444 	 1.499511e+02 	 1.886397e+02 
445 	 1.502155e+02 	 1.886362e+02 
446 	 1.504743e+02 	 1.886270e+02 
447 	 1.507277e+02 	 1.886124e+02 
448 	 1.509755e+02 	 1.885926e+02 
449 	 1.512180e+02 	 1.885676e+02 
450 	 1.514550e+02 	 1.885378e+02 
451 	 1.516868e+02 	 1.885033e+02 
452 	 1.519134e+02 	 1.884642e+02 
453 	 1.521348e+02 	 1.884209e+02 
454 	 1.523511e+02 	 1.883735e+02 
455 	 1.525624e+02 	 1.883222e+02 
456 	 1.527689e+02 	 1.882672e+02 
457 	 1.529706e+02 	 1.882088e+02 
458 	 1.531676e+02 	 1.881470e+02 
459 	 1.533601e+02 	 1.880823e+02 
460 	 1.535480e+02 	 1.880146e+02 
461 	 1.537316e+02 	 1.879443e+02 
462 	 1.539110e+02 	 1.878715e+02 
463 	 1.540862e+02 	 1.877965e+02 
464 	 1.542574e+02 	 1.877194e+02 
465 	 1.544246e+02 	 1.876405e+02 
466 	 1.545881e+02 	 1.875600e+02 
467 	 1.547479e+02 	 1.874781e+02 
468 	 1.549040e+02 	 1.873949e+02 
469 	 1.550568e+02 	 1.873107e+02 
470 	 1.552061e+02 	 1.872257e+02 
471 	 1.553522e+02 	 1.871400e+02 
472 	 1.554952e+02 	 1.870539e+02 
473 	 1.556351e+02 	 1.869676e+02 
474 	 1.557721e+02 	 1.868813e+02 
475 	 1.559063e+02 	 1.867950e+02 
476 	 1.560377e+02 	 1.867091e+02 
477 	 1.561665e+02 	 1.866236e+02 
478 	 1.562927e+02 	 1.865388e+02 
479 	 1.564164e+02 	 1.864547e+02 
480 	 1.565378e+02 	 1.863716e+02 
481 	 1.566569e+02 	 1.862896e+02 
482 	 1.567738e+02 	 1.862089e+02 
483 	 1.568886e+02 	 1.861295e+02 
484 	 1.570013e+02 	 1.860517e+02 
485 	 1.571121e+02 	 1.859755e+02 
486 	 1.572210e+02 	 1.859011e+02 
487 	 1.573281e+02 	 1.858286e+02 
488 	 1.574335e+02 	 1.857582e+02 
489 	 1.575372e+02 	 1.856900e+02 
490 	 1.576394e+02 	 1.856241e+02 
491 	 1.577400e+02 	 1.855606e+02 
492 	 1.578392e+02 	 1.854996e+02 
493 	 1.579370e+02 	 1.854413e+02 
494 	 1.580335e+02 	 1.853857e+02 
495 	 1.581287e+02 	 1.853330e+02 
496 	 1.582227e+02 	 1.852832e+02 
497 	 1.583156e+02 	 1.852364e+02 
498 	 1.584074e+02 	 1.851927e+02 
499 	 1.584981e+02 	 1.851523e+02 
500 	 1.585878e+02 	 1.851151e+02 
501 	 1.586765e+02 	 1.850812e+02 
502 	 1.587643e+02 	 1.850508e+02 
503 	 1.588512e+02 	 1.850237e+02 
504 	 1.589373e+02 	 1.850002e+02 
505 	 1.590225e+02 	 1.849803e+02 
506 	 1.591070e+02 	 1.849640e+02 
507 	 1.591906e+02 	 1.849514e+02 
508 	 1.592736e+02 	 1.849425e+02 
509 	 1.593558e+02 	 1.849373e+02 
510 	 1.594374e+02 	 1.849360e+02 
511 	 1.595184e+02 	 1.849386e+02 
512 	 1.595987e+02 	 1.849451e+02 
513 	 1.596784e+02 	 1.849556e+02 
514 	 1.597576e+02 	 1.849701e+02 
515 	 1.598363e+02 	 1.849887e+02 
516 	 1.599145e+02 	 1.850115e+02 
517 	 1.599922e+02 	 1.850384e+02 
518 	 1.600695e+02 	 1.850695e+02 
519 	 1.601463e+02 	 1.851049e+02 
520 	 1.602228e+02 	 1.851446e+02 
521 	 1.602989e+02 	 1.851886e+02 
522 	 1.603746e+02 	 1.852370e+02 
523 	 1.604500e+02 	 1.852898e+02 
524 	 1.605251e+02 	 1.853470e+02 
525 	 1.605999e+02 	 1.854087e+02 
526 	 1.606745e+02 	 1.854748e+02 
527 	 1.607488e+02 	 1.855454e+02 
528 	 1.608228e+02 	 1.856204e+02 
529 	 1.608966e+02 	 1.857000e+02 
530 	 1.609701e+02 	 1.857841e+02 
531 	 1.610435e+02 	 1.858727e+02 
532 	 1.611166e+02 	 1.859658e+02 
533 	 1.611895e+02 	 1.860634e+02 
534 	 1.612623e+02 	 1.861656e+02 
535 	 1.613349e+02 	 1.862723e+02 
536 	 1.614073e+02 	 1.863835e+02 
537 	 1.614796e+02 	 1.864992e+02 
538 	 1.615516e+02 	 1.866195e+02 
539 	 1.616236e+02 	 1.867443e+02 
540 	 1.616954e+02 	 1.868737e+02 
541 	 1.617670e+02 	 1.870075e+02 
542 	 1.618385e+02 	 1.871460e+02 
543 	 1.619099e+02 	 1.872889e+02 
544 	 1.619812e+02 	 1.874365e+02 
545 	 1.620524e+02 	 1.875885e+02 
546 	 1.621234e+02 	 1.877451e+02 
547 	 1.621943e+02 	 1.879063e+02 
548 	 1.622652e+02 	 1.880720e+02 
549 	 1.623359e+02 	 1.882422e+02 
550 	 1.624065e+02 	 1.884169e+02 
551 	 1.624770e+02 	 1.885961e+02 
552 	 1.625473e+02 	 1.887798e+02 
553 	 1.626175e+02 	 1.889680e+02 
554 	 1.626876e+02 	 1.891605e+02 
555 	 1.627575e+02 	 1.893575e+02 
556 	 1.628273e+02 	 1.895589e+02 
557 	 1.628968e+02 	 1.897647e+02 
558 	 1.629662e+02 	 1.899747e+02 
559 	 1.630354e+02 	 1.901891e+02 
560 	 1.631043e+02 	 1.904076e+02 
561 	 1.631730e+02 	 1.906304e+02 
562 	 1.632414e+02 	 1.908573e+02 
563 	 1.633094e+02 	 1.910884e+02 
564 	 1.633772e+02 	 1.913234e+02 
565 	 1.634446e+02 	 1.915625e+02 
566 	 1.635116e+02 	 1.918055e+02 
567 	 1.635781e+02 	 1.920523e+02 
568 	 1.636442e+02 	 1.923030e+02 
569 	 1.637098e+02 	 1.925573e+02 
570 	 1.637748e+02 	 1.928153e+02 
571 	 1.638393e+02 	 1.930770e+02 
572 	 1.639031e+02 	 1.933421e+02 
573 	 1.639662e+02 	 1.936107e+02 
574 	 1.640286e+02 	 1.938827e+02 
575 	 1.640903e+02 	 1.941580e+02 
576 	 1.641512e+02 	 1.944365e+02 
577 	 1.642112e+02 	 1.947182e+02 
578 	 1.642703e+02 	 1.950029e+02 
579 	 1.643284e+02 	 1.952907e+02 
580 	 1.643855e+02 	 1.955813e+02 
581 	 1.644416e+02 	 1.958748e+02 
582 	 1.644964e+02 	 1.961709e+02 
583 	 1.645501e+02 	 1.964697e+02 
584 	 1.646025e+02 	 1.967709e+02 
585 	 1.646535e+02 	 1.970745e+02 
586 	 1.647031e+02 	 1.973805e+02 
587 	 1.647512e+02 	 1.976886e+02 
588 	 1.647978e+02 	 1.979989e+02 
589 	 1.648428e+02 	 1.983111e+02 
590 	 1.648860e+02 	 1.986253e+02 
591 	 1.649275e+02 	 1.989412e+02 
592 	 1.649672e+02 	 1.992588e+02 
593 	 1.650050e+02 	 1.995779e+02 
594 	 1.650409e+02 	 1.998986e+02 
595 	 1.650747e+02 	 2.002206e+02 
596 	 1.651064e+02 	 2.005439e+02 
597 	 1.651360e+02 	 2.008684e+02 
598 	 1.651634e+02 	 2.011939e+02 
599 	 1.651884e+02 	 2.015202e+02 
600 	 1.652110e+02 	 2.018473e+02 
601 	 1.652311e+02 	 2.021750e+02 
602 	 1.652486e+02 	 2.025032e+02 
603 	 1.652634e+02 	 2.028317e+02 
604 	 1.652756e+02 	 2.031604e+02 
605 	 1.652849e+02 	 2.034893e+02 
606 	 1.652913e+02 	 2.038181e+02 
607 	 1.652948e+02 	 2.041468e+02 
608 	 1.652954e+02 	 2.044753e+02 
609 	 1.652928e+02 	 2.048035e+02 
610 	 1.652872e+02 	 2.051312e+02 
611 	 1.652785e+02 	 2.054584e+02 
612 	 1.652665e+02 	 2.057849e+02 
613 	 1.652513e+02 	 2.061107e+02 
614 	 1.652328e+02 	 2.064355e+02 
615 	 1.652110e+02 	 2.067594e+02 
616 	 1.651858e+02 	 2.070821e+02 
617 	 1.651571e+02 	 2.074037e+02 
618 	 1.651250e+02 	 2.077240e+02 
619 	 1.650894e+02 	 2.080429e+02 
620 	 1.650502e+02 	 2.083602e+02 
621 	 1.650074e+02 	 2.086760e+02 
622 	 1.649610e+02 	 2.089900e+02 
623 	 1.649110e+02 	 2.093022e+02 
624 	 1.648572e+02 	 2.096124e+02 
625 	 1.647997e+02 	 2.099206e+02 
626 	 1.647385e+02 	 2.102265e+02 
627 	 1.646735e+02 	 2.105302e+02 
628 	 1.646048e+02 	 2.108315e+02 
629 	 1.645324e+02 	 2.111303e+02 
630 	 1.644562e+02 	 2.114266e+02 
631 	 1.643764e+02 	 2.117202e+02 
632 	 1.642929e+02 	 2.120112e+02 
633 	 1.642058e+02 	 2.122994e+02 
634 	 1.641152e+02 	 2.125848e+02 
635 	 1.640210e+02 	 2.128674e+02 
636 	 1.639233e+02 	 2.131470e+02 
637 	 1.638222e+02 	 2.134237e+02 
638 	 1.637178e+02 	 2.136973e+02 
639 	 1.636100e+02 	 2.139677e+02 
640 	 1.634989e+02 	 2.142349e+02 
641 	 1.633846e+02 	 2.144988e+02 
642 	 1.632671e+02 	 2.147593e+02 
643 	 1.631464e+02 	 2.150163e+02 
644 	 1.630226e+02 	 2.152696e+02 
645 	 1.628958e+02 	 2.155193e+02 
646 	 1.627661e+02 	 2.157652e+02 
647 	 1.626334e+02 	 2.160073e+02 
648 	 1.624979e+02 	 2.162455e+02 
649 	 1.623596e+02 	 2.164798e+02 
650 	 1.622186e+02 	 2.167101e+02 
651 	 1.620750e+02 	 2.169365e+02 
652 	 1.619290e+02 	 2.171588e+02 
653 	 1.617805e+02 	 2.173770e+02 
654 	 1.616296e+02 	 2.175912e+02 
655 	 1.614766e+02 	 2.178011e+02 
656 	 1.613214e+02 	 2.180069e+02 
657 	 1.611641e+02 	 2.182085e+02 
658 	 1.610050e+02 	 2.184057e+02 
659 	 1.608439e+02 	 2.185986e+02 
660 	 1.606812e+02 	 2.187870e+02 
661 	 1.605168e+02 	 2.189710e+02 
662 	 1.603509e+02 	 2.191504e+02 
663 	 1.601836e+02 	 2.193252e+02 
664 	 1.600150e+02 	 2.194955e+02 
665 	 1.598451e+02 	 2.196610e+02 
666 	 1.596742e+02 	 2.198219e+02 
667 	 1.595024e+02 	 2.199781e+02 
668 	 1.593296e+02 	 2.201296e+02 
669 	 1.591562e+02 	 2.202763e+02 
670 	 1.589821e+02 	 2.204183e+02 
671 	 1.588075e+02 	 2.205555e+02 
672 	 1.586325e+02 	 2.206881e+02 
673 	 1.584572e+02 	 2.208158e+02 
674 	 1.582818e+02 	 2.209388e+02 
675 	 1.581062e+02 	 2.210569e+02 
676 	 1.579308e+02 	 2.211703e+02 
677 	 1.577555e+02 	 2.212787e+02 
678 	 1.575804e+02 	 2.213822e+02 
679 	 1.574057e+02 	 2.214808e+02 
680 	 1.572313e+02 	 2.215745e+02 
681 	 1.570574e+02 	 2.216632e+02 
682 	 1.568842e+02 	 2.217469e+02 
683 	 1.567117e+02 	 2.218255e+02 
684 	 1.565400e+02 	 2.218991e+02 
685 	 1.563694e+02 	 2.219676e+02 
686 	 1.561997e+02 	 2.220311e+02 
687 	 1.560312e+02 	 2.220897e+02 
688 	 1.558639e+02 	 2.221434e+02 
689 	 1.556979e+02 	 2.221923e+02 
690 	 1.555332e+02 	 2.222365e+02 
691 	 1.553702e+02 	 2.222760e+02 
692 	 1.552088e+02 	 2.223109e+02 
693 	 1.550493e+02 	 2.223412e+02 
694 	 1.548917e+02 	 2.223671e+02 
695 	 1.547361e+02 	 2.223886e+02 
696 	 1.545825e+02 	 2.224060e+02 
697 	 1.544310e+02 	 2.224192e+02 
698 	 1.542816e+02 	 2.224283e+02 
699 	 1.541345e+02 	 2.224334e+02 
700 	 1.539898e+02 	 2.224346e+02 
701 	 1.538474e+02 	 2.224319e+02 
702 	 1.537074e+02 	 2.224252e+02 
703 	 1.535700e+02 	 2.224147e+02 
704 	 1.534352e+02 	 2.224003e+02 
705 	 1.533030e+02 	 2.223822e+02 
706 	 1.531735e+02 	 2.223602e+02 
707 	 1.530466e+02 	 2.223346e+02 
708 	 1.529223e+02 	 2.223054e+02 
709 	 1.528006e+02 	 2.222728e+02 
710 	 1.526817e+02 	 2.222367e+02 
711 	 1.525654e+02 	 2.221973e+02 
712 	 1.524520e+02 	 2.221547e+02 
713 	 1.523414e+02 	 2.221089e+02 
714 	 1.522337e+02 	 2.220602e+02 
715 	 1.521290e+02 	 2.220086e+02 
716 	 1.520273e+02 	 2.219543e+02 
717 	 1.519286e+02 	 2.218975e+02 
718 	 1.518329e+02 	 2.218382e+02 
719 	 1.517403e+02 	 2.217767e+02 
720 	 1.516507e+02 	 2.217131e+02 
721 	 1.515640e+02 	 2.216477e+02 
722 	 1.514804e+02 	 2.215805e+02 
723 	 1.513998e+02 	 2.215117e+02 
724 	 1.513223e+02 	 2.214413e+02 
725 	 1.512478e+02 	 2.213695e+02 
726 	 1.511765e+02 	 2.212963e+02 
727 	 1.511082e+02 	 2.212218e+02 
728 	 1.510430e+02 	 2.211460e+02 
729 	 1.509809e+02 	 2.210690e+02 
730 	 1.509219e+02 	 2.209908e+02 
731 	 1.508658e+02 	 2.209116e+02 
732 	 1.508126e+02 	 2.208314e+02 
733 	 1.507623e+02 	 2.207502e+02 
734 	 1.507147e+02 	 2.206680e+02 
735 	 1.506699e+02 	 2.205851e+02 
736 	 1.506277e+02 	 2.205013e+02 
737 	 1.505882e+02 	 2.204167e+02 
738 	 1.505513e+02 	 2.203315e+02 
739 	 1.505170e+02 	 2.202456e+02 
740 	 1.504853e+02 	 2.201590e+02 
741 	 1.504563e+02 	 2.200720e+02 
742 	 1.504298e+02 	 2.199845e+02 
743 	 1.504058e+02 	 2.198966e+02 
744 	 1.503843e+02 	 2.198085e+02 
745 	 1.503652e+02 	 2.197203e+02 
746 	 1.503486e+02 	 2.196321e+02 
747 	 1.503342e+02 	 2.195440e+02 
748 	 1.503221e+02 	 2.194562e+02 
749 	 1.503122e+02 	 2.193688e+02 
750 	 1.503044e+02 	 2.192819e+02 
751 	 1.502988e+02 	 2.191955e+02 
752 	 1.502954e+02 	 2.191099e+02 
753 	 1.502940e+02 	 2.190249e+02 
754 	 1.502948e+02 	 2.189407e+02 
755 	 1.502977e+02 	 2.188574e+02 
756 	 1.503026e+02 	 2.187750e+02 
757 	 1.503096e+02 	 2.186934e+02 
758 	 1.503186e+02 	 2.186129e+02 
759 	 1.503295e+02 	 2.185333e+02 
760 	 1.503423e+02 	 2.184548e+02 
761 	 1.503570e+02 	 2.183774e+02 
762 	 1.503733e+02 	 2.183012e+02 
763 	 1.503913e+02 	 2.182262e+02 
764 	 1.504109e+02 	 2.181523e+02 
765 	 1.504320e+02 	 2.180798e+02 
766 	 1.504546e+02 	 2.180084e+02 
767 	 1.504787e+02 	 2.179384e+02 
768 	 1.505042e+02 	 2.178697e+02 
769 	 1.505311e+02 	 2.178022e+02 
770 	 1.505593e+02 	 2.177361e+02 
771 	 1.505890e+02 	 2.176713e+02 
772 	 1.506199e+02 	 2.176079e+02 
773 	 1.506522e+02 	 2.175458e+02 
774 	 1.506858e+02 	 2.174851e+02 
775 	 1.507206e+02 	 2.174260e+02 
776 	 1.507566e+02 	 2.173683e+02 
777 	 1.507938e+02 	 2.173123e+02 
778 	 1.508320e+02 	 2.172579e+02 
779 	 1.508713e+02 	 2.172053e+02 
780 	 1.509115e+02 	 2.171544e+02 
781 	 1.509526e+02 	 2.171055e+02 
782 	 1.509946e+02 	 2.170586e+02 
783 	 1.510375e+02 	 2.170136e+02 
784 	 1.510812e+02 	 2.169708e+02 
785 	 1.511256e+02 	 2.169302e+02 
786 	 1.511709e+02 	 2.168917e+02 
787 	 1.512169e+02 	 2.168554e+02 
788 	 1.512637e+02 	 2.168214e+02 
789 	 1.513112e+02 	 2.167897e+02 
790 	 1.513595e+02 	 2.167603e+02 
791 	 1.514085e+02 	 2.167332e+02 
792 	 1.514582e+02 	 2.167086e+02 
793 	 1.515086e+02 	 2.166864e+02 
794 	 1.515596e+02 	 2.166667e+02 
795 	 1.516112e+02 	 2.166496e+02 
796 	 1.516633e+02 	 2.166349e+02 
797 	 1.517160e+02 	 2.166229e+02 
798 	 1.517691e+02 	 2.166136e+02 
799 	 1.518227e+02 	 2.166069e+02 
800 	 1.518766e+02 	 2.166029e+02 
801 	 1.519308e+02 	 2.166016e+02 
802 	 1.519853e+02 	 2.166032e+02 
803 	 1.520401e+02 	 2.166075e+02 
804 	 1.520951e+02 	 2.166146e+02 
805 	 1.521503e+02 	 2.166246e+02 
806 	 1.522057e+02 	 2.166374e+02 
807 	 1.522613e+02 	 2.166531e+02 
808 	 1.523171e+02 	 2.166717e+02 
809 	 1.523731e+02 	 2.166932e+02 
810 	 1.524292e+02 	 2.167176e+02 
811 	 1.524854e+02 	 2.167449e+02 
812 	 1.525418e+02 	 2.167751e+02 
813 	 1.525984e+02 	 2.168084e+02 
814 	 1.526551e+02 	 2.168446e+02 
815 	 1.527120e+02 	 2.168838e+02 
816 	 1.527690e+02 	 2.169260e+02 
817 	 1.528261e+02 	 2.169713e+02 
818 	 1.528834e+02 	 2.170197e+02 
819 	 1.529408e+02 	 2.170712e+02 
820 	 1.529983e+02 	 2.171258e+02 
821 	 1.530560e+02 	 2.171835e+02 
822 	 1.531138e+02 	 2.172444e+02 
823 	 1.531717e+02 	 2.173084e+02 
824 	 1.532297e+02 	 2.173756e+02 
825 	 1.532879e+02 	 2.174460e+02 
826 	 1.533462e+02 	 2.175197e+02 
827 	 1.534047e+02 	 2.175966e+02 
828 	 1.534633e+02 	 2.176768e+02 
829 	 1.535222e+02 	 2.177603e+02 
830 	 1.535812e+02 	 2.178470e+02 
831 	 1.536405e+02 	 2.179371e+02 
832 	 1.537001e+02 	 2.180305e+02 
833 	 1.537599e+02 	 2.181272e+02 
834 	 1.538200e+02 	 2.182271e+02 
835 	 1.538805e+02 	 2.183303e+02 
836 	 1.539413e+02 	 2.184368e+02 
837 	 1.540026e+02 	 2.185464e+02 
838 	 1.540643e+02 	 2.186593e+02 
839 	 1.541265e+02 	 2.187753e+02 
840 	 1.541892e+02 	 2.188945e+02 
841 	 1.542525e+02 	 2.190167e+02 
842 	 1.543165e+02 	 2.191421e+02 
843 	 1.543811e+02 	 2.192706e+02 
844 	 1.544465e+02 	 2.194021e+02 
845 	 1.545127e+02 	 2.195367e+02 
846 	 1.545797e+02 	 2.196742e+02 
847 	 1.546476e+02 	 2.198147e+02 
848 	 1.547164e+02 	 2.199582e+02 
849 	 1.547862e+02 	 2.201045e+02 
850 	 1.548569e+02 	 2.202536e+02 
851 	 1.549287e+02 	 2.204056e+02 
852 	 1.550016e+02 	 2.205603e+02 
853 	 1.550756e+02 	 2.207176e+02 
854 	 1.551506e+02 	 2.208776e+02 
855 	 1.552268e+02 	 2.210402e+02 
856 	 1.553042e+02 	 2.212054e+02 
857 	 1.553828e+02 	 2.213730e+02 
858 	 1.554627e+02 	 2.215431e+02 
859 	 1.555438e+02 	 2.217156e+02 
860 	 1.556263e+02 	 2.218904e+02 
861 	 1.557101e+02 	 2.220676e+02 
862 	 1.557953e+02 	 2.222470e+02 
863 	 1.558819e+02 	 2.224287e+02 
864 	 1.559701e+02 	 2.226125e+02 
865 	 1.560597e+02 	 2.227984e+02 
866 	 1.561510e+02 	 2.229863e+02 
867 	 1.562438e+02 	 2.231761e+02 
868 	 1.563384e+02 	 2.233679e+02 
869 	 1.564346e+02 	 2.235614e+02 
870 	 1.565327e+02 	 2.237567e+02 
871 	 1.566325e+02 	 2.239537e+02 
872 	 1.567342e+02 	 2.241522e+02 
873 	 1.568379e+02 	 2.243523e+02 
874 	 1.569435e+02 	 2.245539e+02 
875 	 1.570511e+02 	 2.247568e+02 
876 	 1.571607e+02 	 2.249611e+02 
877 	 1.572724e+02 	 2.251666e+02 
878 	 1.573862e+02 	 2.253733e+02 
879 	 1.575022e+02 	 2.255811e+02 
880 	 1.576202e+02 	 2.257899e+02 
881 	 1.577405e+02 	 2.259998e+02 
882 	 1.578629e+02 	 2.262105e+02 
883 	 1.579875e+02 	 2.264222e+02 
884 	 1.581143e+02 	 2.266346e+02 
885 	 1.582433e+02 	 2.268478e+02 
886 	 1.583745e+02 	 2.270616e+02 
887 	 1.585080e+02 	 2.272761e+02 
888 	 1.586436e+02 	 2.274912e+02 
889 	 1.587815e+02 	 2.277069e+02 
890 	 1.589217e+02 	 2.279230e+02 
891 	 1.590641e+02 	 2.281396e+02 
892 	 1.592088e+02 	 2.283567e+02 
893 	 1.593557e+02 	 2.285740e+02 
894 	 1.595049e+02 	 2.287917e+02 
895 	 1.596565e+02 	 2.290096e+02 
896 	 1.598103e+02 	 2.292277e+02 
897 	 1.599665e+02 	 2.294459e+02 
898 	 1.601251e+02 	 2.296642e+02 
899 	 1.602860e+02 	 2.298824e+02 
900 	 1.604493e+02 	 2.301004e+02 
901 	 1.606151e+02 	 2.303181e+02 
902 	 1.607832e+02 	 2.305355e+02 
903 	 1.609538e+02 	 2.307525e+02 
904 	 1.611269e+02 	 2.309688e+02 
905 	 1.613024e+02 	 2.311845e+02 
906 	 1.614804e+02 	 2.313995e+02 
907 	 1.616609e+02 	 2.316136e+02 
908 	 1.618438e+02 	 2.318267e+02 
909 	 1.620293e+02 	 2.320388e+02 
910 	 1.622173e+02 	 2.322499e+02 
911 	 1.624078e+02 	 2.324598e+02 
912 	 1.626008e+02 	 2.326686e+02 
913 	 1.627963e+02 	 2.328761e+02 
914 	 1.629942e+02 	 2.330824e+02 
915 	 1.631947e+02 	 2.332874e+02 
916 	 1.633975e+02 	 2.334910e+02 
917 	 1.636028e+02 	 2.336931e+02 
918 	 1.638104e+02 	 2.338939e+02 
919 	 1.640204e+02 	 2.340931e+02 
920 	 1.642326e+02 	 2.342908e+02 
921 	 1.644472e+02 	 2.344869e+02 
922 	 1.646639e+02 	 2.346813e+02 
923 	 1.648828e+02 	 2.348740e+02 
924 	 1.651039e+02 	 2.350649e+02 
925 	 1.653271e+02 	 2.352539e+02 
926 	 1.655523e+02 	 2.354409e+02 
927 	 1.657796e+02 	 2.356259e+02 
928 	 1.660090e+02 	 2.358088e+02 
929 	 1.662403e+02 	 2.359895e+02 
930 	 1.664736e+02 	 2.361679e+02 
931 	 1.667089e+02 	 2.363439e+02 
932 	 1.669461e+02 	 2.365175e+02 
933 	 1.671852e+02 	 2.366885e+02 
934 	 1.674262e+02 	 2.368569e+02 
935 	 1.676691e+02 	 2.370227e+02 
936 	 1.679138e+02 	 2.371857e+02 
937 	 1.681604e+02 	 2.373458e+02 
938 	 1.684088e+02 	 2.375032e+02 
939 	 1.686591e+02 	 2.376576e+02 
940 	 1.689111e+02 	 2.378092e+02 
941 	 1.691649e+02 	 2.379578e+02 
942 	 1.694204e+02 	 2.381034e+02 
943 	 1.696776e+02 	 2.382461e+02 
944 	 1.699365e+02 	 2.383858e+02 
945 	 1.701969e+02 	 2.385224e+02 
946 	 1.704589e+02 	 2.386560e+02 
947 	 1.707223e+02 	 2.387865e+02 
948 	 1.709870e+02 	 2.389139e+02 
949 	 1.712530e+02 	 2.390382e+02 
950 	 1.715202e+02 	 2.391593e+02 
951 	 1.717885e+02 	 2.392772e+02 
952 	 1.720577e+02 	 2.393920e+02 
953 	 1.723278e+02 	 2.395036e+02 
954 	 1.725987e+02 	 2.396119e+02 
955 	 1.728703e+02 	 2.397171e+02 
956 	 1.731424e+02 	 2.398190e+02 
957 	 1.734151e+02 	 2.399178e+02 
958 	 1.736882e+02 	 2.400134e+02 
959 	 1.739615e+02 	 2.401059e+02 
960 	 1.742351e+02 	 2.401952e+02 
961 	 1.745089e+02 	 2.402814e+02 
962 	 1.747827e+02 	 2.403645e+02 
963 	 1.750564e+02 	 2.404445e+02 
964 	 1.753301e+02 	 2.405214e+02 
965 	 1.756035e+02 	 2.405951e+02 
966 	 1.758766e+02 	 2.406659e+02 
967 	 1.761493e+02 	 2.407335e+02 
968 	 1.764215e+02 	 2.407980e+02 
969 	 1.766931e+02 	 2.408595e+02 
970 	 1.769641e+02 	 2.409180e+02 
971 	 1.772343e+02 	 2.409734e+02 
972 	 1.775037e+02 	 2.410259e+02 
973 	 1.777722e+02 	 2.410753e+02 
974 	 1.780398e+02 	 2.411219e+02 
975 	 1.783063e+02 	 2.411655e+02 
976 	 1.785718e+02 	 2.412063e+02 
977 	 1.788361e+02 	 2.412443e+02 
978 	 1.790992e+02 	 2.412796e+02 
979 	 1.793611e+02 	 2.413121e+02 
980 	 1.796216e+02 	 2.413421e+02 
981 	 1.798806e+02 	 2.413694e+02 
982 	 1.801382e+02 	 2.413942e+02 
983 	 1.803941e+02 	 2.414165e+02 
984 	 1.806483e+02 	 2.414364e+02 
985 	 1.809007e+02 	 2.414539e+02 
986 	 1.811512e+02 	 2.414690e+02 
987 	 1.813996e+02 	 2.414819e+02 
988 	 1.816458e+02 	 2.414925e+02 
989 	 1.818898e+02 	 2.415009e+02 
990 	 1.821315e+02 	 2.415071e+02 
991 	 1.823706e+02 	 2.415113e+02 
992 	 1.826073e+02 	 2.415134e+02 
993 	 1.828413e+02 	 2.415136e+02 
994 	 1.830726e+02 	 2.415119e+02 
995 	 1.833012e+02 	 2.415084e+02 
996 	 1.835270e+02 	 2.415032e+02 
997 	 1.837499e+02 	 2.414963e+02 
998 	 1.839700e+02 	 2.414879e+02 
999 	 1.841872e+02 	 2.414780e+02 
1000 	 1.844015e+02 	 2.414668e+02 
