1.60895e-12
1.5266e-12
1.48773e-12
1.46604e-12
1.4526e-12
1.44363e-12
1.43731e-12
1.43268e-12
1.42918e-12
1.42645e-12
1.42428e-12
1.42253e-12
1.42108e-12
1.41988e-12
1.41887e-12
1.418e-12
1.41726e-12
1.41662e-12
1.41606e-12
1.41556e-12
1.41513e-12
1.41474e-12
1.41439e-12
1.41408e-12
1.4138e-12
1.41354e-12
1.41331e-12
1.4131e-12
1.41291e-12
1.41273e-12
1.41257e-12
1.41242e-12
1.41228e-12
1.41215e-12
1.41203e-12
1.41192e-12
1.41182e-12
1.41172e-12
1.41163e-12
1.41155e-12
1.41147e-12
1.41139e-12
1.41132e-12
1.41125e-12
1.41119e-12
1.41113e-12
1.41107e-12
1.41102e-12
1.41097e-12
1.41092e-12
1.41087e-12
1.41083e-12
1.41078e-12
1.41074e-12
1.4107e-12
1.41067e-12
1.41063e-12
1.4106e-12
1.41056e-12
1.41053e-12
1.4105e-12
1.41047e-12
1.41044e-12
1.41042e-12
1.41039e-12
1.41037e-12
1.41034e-12
1.41032e-12
1.41029e-12
1.41027e-12
1.41025e-12
1.41023e-12
1.41021e-12
1.41019e-12
1.41017e-12
1.41015e-12
1.41013e-12
1.41011e-12
1.4101e-12
1.41008e-12
1.41006e-12
1.41004e-12
1.41003e-12
1.41001e-12
1.41e-12
1.40998e-12
1.40997e-12
1.40995e-12
1.40994e-12
1.40992e-12
1.40991e-12
1.4099e-12
1.40988e-12
1.40987e-12
1.40986e-12
1.40985e-12
1.40983e-12
1.40982e-12
1.40981e-12
1.4098e-12
1.40978e-12
1.40977e-12
1.40976e-12
1.40975e-12
1.40974e-12
1.40973e-12
1.40971e-12
1.4097e-12
1.40969e-12
1.40968e-12
1.40967e-12
1.40966e-12
1.40965e-12
1.40964e-12
1.40963e-12
1.40962e-12
1.40961e-12
1.4096e-12
1.40959e-12
1.40958e-12
1.40957e-12
1.40956e-12
1.40954e-12
1.40953e-12
1.40952e-12
1.40951e-12
1.4095e-12
1.40949e-12
1.40948e-12
1.40947e-12
1.40946e-12
1.40945e-12
1.40944e-12
1.40943e-12
1.40942e-12
1.40942e-12
1.40941e-12
1.4094e-12
1.40939e-12
1.40938e-12
1.40937e-12
1.40936e-12
1.40935e-12
1.40934e-12
1.40933e-12
1.40932e-12
1.40931e-12
1.4093e-12
1.40929e-12
1.40928e-12
1.40927e-12
1.40926e-12
1.40925e-12
1.40924e-12
1.40923e-12
1.40922e-12
1.40921e-12
1.4092e-12
1.40919e-12
1.40918e-12
1.40917e-12
1.40916e-12
1.40914e-12
1.40913e-12
1.40912e-12
1.40911e-12
1.4091e-12
1.40909e-12
1.40908e-12
1.40907e-12
1.40906e-12
1.40905e-12
1.40904e-12
1.40903e-12
1.40902e-12
1.40901e-12
1.409e-12
1.40899e-12
1.40898e-12
1.40896e-12
1.40895e-12
1.40894e-12
1.40893e-12
1.40892e-12
1.40891e-12
1.4089e-12
1.40889e-12
1.40888e-12
1.40886e-12
1.40885e-12
1.40884e-12
1.40883e-12
1.40882e-12
1.40881e-12
1.40879e-12
1.40878e-12
1.40877e-12
1.40876e-12
1.40875e-12
1.40874e-12
1.40872e-12
1.40871e-12
1.4087e-12
1.40869e-12
1.40867e-12
1.40866e-12
1.40865e-12
1.40864e-12
1.40862e-12
1.40861e-12
1.4086e-12
1.40859e-12
1.40857e-12
1.40856e-12
1.40855e-12
1.40854e-12
1.40852e-12
1.40851e-12
1.4085e-12
1.40848e-12
1.40847e-12
1.40846e-12
1.40844e-12
1.40843e-12
1.40842e-12
1.4084e-12
1.40839e-12
1.40837e-12
1.40836e-12
1.40835e-12
1.40833e-12
1.40832e-12
1.4083e-12
1.40829e-12
1.40827e-12
1.40826e-12
1.40825e-12
1.40823e-12
1.40822e-12
1.4082e-12
1.40819e-12
1.40817e-12
1.40816e-12
1.40814e-12
1.40813e-12
1.40811e-12
1.4081e-12
1.40808e-12
1.40807e-12
1.40805e-12
1.40803e-12
1.40802e-12
1.408e-12
1.40799e-12
1.40797e-12
1.40795e-12
1.40794e-12
1.40792e-12
1.40791e-12
1.40789e-12
1.40787e-12
1.40786e-12
1.40784e-12
1.40782e-12
1.4078e-12
1.40779e-12
1.40777e-12
1.40775e-12
1.40774e-12
1.40772e-12
1.4077e-12
1.40768e-12
1.40767e-12
1.40765e-12
1.40763e-12
1.40761e-12
1.40759e-12
1.40758e-12
1.40756e-12
1.40754e-12
1.40752e-12
1.4075e-12
1.40748e-12
1.40747e-12
1.40745e-12
1.40743e-12
1.40741e-12
1.40739e-12
1.40737e-12
1.40735e-12
1.40733e-12
1.40731e-12
1.40729e-12
1.40727e-12
1.40725e-12
1.40723e-12
1.40721e-12
1.40719e-12
1.40717e-12
1.40715e-12
1.40713e-12
1.40711e-12
1.40709e-12
1.40707e-12
1.40705e-12
1.40702e-12
1.407e-12
1.40698e-12
1.40696e-12
1.40694e-12
1.40692e-12
1.4069e-12
1.40687e-12
1.40685e-12
1.40683e-12
1.40681e-12
1.40678e-12
1.40676e-12
1.40674e-12
1.40672e-12
1.40669e-12
1.40667e-12
1.40665e-12
1.40662e-12
1.4066e-12
1.40658e-12
1.40655e-12
1.40653e-12
1.40651e-12
1.40648e-12
1.40646e-12
1.40643e-12
1.40641e-12
1.40638e-12
1.40636e-12
1.40633e-12
1.40631e-12
1.40628e-12
1.40626e-12
1.40623e-12
1.40621e-12
1.40618e-12
1.40616e-12
1.40613e-12
1.4061e-12
1.40608e-12
1.40605e-12
1.40603e-12
1.406e-12
1.40597e-12
1.40594e-12
1.40592e-12
1.40589e-12
1.40586e-12
1.40584e-12
1.40581e-12
1.40578e-12
1.40575e-12
1.40572e-12
1.4057e-12
1.40567e-12
1.40564e-12
1.40561e-12
1.40558e-12
1.40555e-12
1.40552e-12
1.40549e-12
1.40546e-12
1.40544e-12
1.40541e-12
1.40538e-12
1.40535e-12
1.40531e-12
1.40528e-12
1.40525e-12
1.40522e-12
1.40519e-12
1.40516e-12
1.40513e-12
1.4051e-12
1.40507e-12
1.40504e-12
1.405e-12
1.40497e-12
1.40494e-12
1.40491e-12
1.40487e-12
1.40484e-12
1.40481e-12
1.40478e-12
1.40474e-12
1.40471e-12
1.40468e-12
1.40464e-12
1.40461e-12
1.40457e-12
1.40454e-12
1.4045e-12
1.40447e-12
1.40443e-12
1.4044e-12
1.40436e-12
1.40433e-12
1.40429e-12
1.40426e-12
1.40422e-12
1.40419e-12
1.40415e-12
1.40411e-12
1.40408e-12
1.40404e-12
1.404e-12
1.40396e-12
1.40393e-12
1.40389e-12
1.40385e-12
1.40381e-12
1.40377e-12
1.40374e-12
1.4037e-12
1.40366e-12
1.40362e-12
1.40358e-12
1.40354e-12
1.4035e-12
1.40346e-12
1.40342e-12
1.40338e-12
1.40334e-12
1.4033e-12
1.40326e-12
1.40322e-12
1.40317e-12
1.40313e-12
1.40309e-12
1.40305e-12
1.40301e-12
1.40296e-12
1.40292e-12
1.40288e-12
1.40283e-12
1.40279e-12
1.40275e-12
1.4027e-12
1.40266e-12
1.40262e-12
1.40257e-12
1.40253e-12
1.40248e-12
1.40244e-12
1.40239e-12
1.40234e-12
1.4023e-12
1.40225e-12
1.4022e-12
1.40216e-12
1.40211e-12
1.40206e-12
1.40202e-12
1.40197e-12
1.40192e-12
1.40187e-12
1.40182e-12
1.40177e-12
1.40172e-12
1.40168e-12
1.40163e-12
1.40158e-12
1.40153e-12
1.40148e-12
1.40142e-12
1.40137e-12
1.40132e-12
1.40127e-12
1.40122e-12
1.40117e-12
1.40111e-12
1.40106e-12
1.40101e-12
1.40096e-12
1.4009e-12
1.40085e-12
1.40079e-12
1.40074e-12
1.40069e-12
1.40063e-12
1.40058e-12
1.40052e-12
1.40046e-12
1.40041e-12
1.40035e-12
1.40029e-12
1.40024e-12
1.40018e-12
1.40012e-12
1.40006e-12
1.40001e-12
1.39995e-12
1.39989e-12
1.39983e-12
1.39977e-12
1.39971e-12
1.39965e-12
1.39959e-12
1.39953e-12
1.39947e-12
1.39941e-12
1.39934e-12
1.39928e-12
1.39922e-12
1.39916e-12
1.39909e-12
1.39903e-12
1.39897e-12
1.3989e-12
1.39884e-12
1.39877e-12
1.39871e-12
1.39864e-12
1.39858e-12
1.39851e-12
1.39844e-12
1.39838e-12
1.39831e-12
1.39824e-12
1.39817e-12
1.3981e-12
1.39803e-12
1.39797e-12
1.3979e-12
1.39783e-12
1.39775e-12
1.39768e-12
1.39761e-12
1.39754e-12
1.39747e-12
1.3974e-12
1.39732e-12
1.39725e-12
1.39718e-12
1.3971e-12
1.39703e-12
1.39695e-12
1.39688e-12
1.3968e-12
1.39673e-12
1.39665e-12
1.39657e-12
1.39649e-12
1.39642e-12
1.39634e-12
1.39626e-12
1.39618e-12
1.3961e-12
1.39602e-12
1.39594e-12
1.39586e-12
1.39578e-12
1.3957e-12
1.39561e-12
1.39553e-12
1.39545e-12
1.39536e-12
1.39528e-12
1.39519e-12
1.39511e-12
1.39502e-12
1.39494e-12
1.39485e-12
1.39476e-12
1.39468e-12
1.39459e-12
1.3945e-12
1.39441e-12
1.39432e-12
1.39423e-12
1.39414e-12
1.39405e-12
1.39396e-12
1.39386e-12
1.39377e-12
1.39368e-12
1.39358e-12
1.39349e-12
1.39339e-12
1.3933e-12
1.3932e-12
1.39311e-12
1.39301e-12
1.39291e-12
1.39281e-12
1.39271e-12
1.39261e-12
1.39251e-12
1.39241e-12
1.39231e-12
1.39221e-12
1.39211e-12
1.392e-12
1.3919e-12
1.39179e-12
1.39169e-12
1.39158e-12
1.39148e-12
1.39137e-12
1.39126e-12
1.39116e-12
1.39105e-12
1.39094e-12
1.39083e-12
1.39072e-12
1.3906e-12
1.39049e-12
1.39038e-12
1.39027e-12
1.39015e-12
1.39004e-12
1.38992e-12
1.38981e-12
1.38969e-12
1.38957e-12
1.38945e-12
1.38933e-12
1.38921e-12
1.38909e-12
1.38897e-12
1.38885e-12
1.38873e-12
1.3886e-12
1.38848e-12
1.38835e-12
1.38823e-12
1.3881e-12
1.38797e-12
1.38784e-12
1.38772e-12
1.38759e-12
1.38746e-12
1.38732e-12
1.38719e-12
1.38706e-12
1.38692e-12
1.38679e-12
1.38665e-12
1.38652e-12
1.38638e-12
1.38624e-12
1.3861e-12
1.38596e-12
1.38582e-12
1.38568e-12
1.38554e-12
1.38539e-12
1.38525e-12
1.3851e-12
1.38496e-12
1.38481e-12
1.38466e-12
1.38451e-12
1.38436e-12
1.38421e-12
1.38406e-12
1.3839e-12
1.38375e-12
1.3836e-12
1.38344e-12
1.38328e-12
1.38312e-12
1.38296e-12
1.3828e-12
1.38264e-12
1.38248e-12
1.38232e-12
1.38215e-12
1.38199e-12
1.38182e-12
1.38165e-12
1.38148e-12
1.38131e-12
1.38114e-12
1.38097e-12
1.38079e-12
1.38062e-12
1.38044e-12
1.38027e-12
1.38009e-12
1.37991e-12
1.37973e-12
1.37954e-12
1.37936e-12
1.37918e-12
1.37899e-12
1.3788e-12
1.37861e-12
1.37842e-12
1.37823e-12
1.37804e-12
1.37785e-12
1.37765e-12
1.37745e-12
1.37726e-12
1.37706e-12
1.37686e-12
1.37665e-12
1.37645e-12
1.37625e-12
1.37604e-12
1.37583e-12
1.37562e-12
1.37541e-12
1.3752e-12
1.37498e-12
1.37477e-12
1.37455e-12
1.37433e-12
1.37411e-12
1.37389e-12
1.37367e-12
1.37344e-12
1.37321e-12
1.37298e-12
1.37275e-12
1.37252e-12
1.37229e-12
1.37205e-12
1.37182e-12
1.37158e-12
1.37134e-12
1.37109e-12
1.37085e-12
1.3706e-12
1.37036e-12
1.37011e-12
1.36985e-12
1.3696e-12
1.36934e-12
1.36909e-12
1.36883e-12
1.36857e-12
1.3683e-12
1.36804e-12
1.36777e-12
1.3675e-12
1.36723e-12
1.36695e-12
1.36668e-12
1.3664e-12
1.36612e-12
1.36583e-12
1.36555e-12
1.36526e-12
1.36497e-12
1.36468e-12
1.36438e-12
1.36409e-12
1.36379e-12
1.36349e-12
1.36318e-12
1.36288e-12
1.36257e-12
1.36226e-12
1.36194e-12
1.36163e-12
1.36131e-12
1.36098e-12
1.36066e-12
1.36033e-12
1.36e-12
1.35967e-12
1.35933e-12
1.359e-12
1.35865e-12
1.35831e-12
1.35796e-12
1.35761e-12
1.35726e-12
1.3569e-12
1.35654e-12
1.35618e-12
1.35582e-12
1.35545e-12
1.35508e-12
1.3547e-12
1.35432e-12
1.35394e-12
1.35356e-12
1.35317e-12
1.35278e-12
1.35238e-12
1.35198e-12
1.35158e-12
1.35117e-12
1.35076e-12
1.35035e-12
1.34993e-12
1.34951e-12
1.34908e-12
1.34865e-12
1.34822e-12
1.34778e-12
1.34734e-12
1.3469e-12
1.34645e-12
1.34599e-12
1.34554e-12
1.34507e-12
1.34461e-12
1.34413e-12
1.34366e-12
1.34318e-12
1.34269e-12
1.3422e-12
1.34171e-12
1.34121e-12
1.3407e-12
1.34019e-12
1.33968e-12
1.33916e-12
1.33864e-12
1.33811e-12
1.33757e-12
1.33703e-12
1.33648e-12
1.33593e-12
1.33537e-12
1.33481e-12
1.33424e-12
1.33367e-12
1.33308e-12
1.3325e-12
1.3319e-12
1.3313e-12
1.3307e-12
1.33009e-12
1.32947e-12
1.32884e-12
1.32821e-12
1.32757e-12
1.32692e-12
1.32627e-12
1.32561e-12
1.32494e-12
1.32427e-12
1.32358e-12
1.32289e-12
1.3222e-12
1.32149e-12
1.32078e-12
1.32005e-12
1.31932e-12
1.31859e-12
1.31784e-12
1.31708e-12
1.31632e-12
1.31554e-12
1.31476e-12
1.31397e-12
1.31317e-12
1.31235e-12
1.31153e-12
1.3107e-12
1.30986e-12
1.30901e-12
1.30815e-12
1.30728e-12
1.30639e-12
1.3055e-12
1.30459e-12
1.30367e-12
1.30275e-12
1.30181e-12
1.30085e-12
1.29989e-12
1.29891e-12
1.29792e-12
1.29692e-12
1.2959e-12
1.29487e-12
1.29383e-12
1.29277e-12
1.29169e-12
1.29061e-12
1.28951e-12
1.28839e-12
1.28726e-12
1.28611e-12
1.28494e-12
1.28376e-12
1.28257e-12
1.28135e-12
1.28012e-12
1.27887e-12
1.2776e-12
1.27631e-12
1.27501e-12
1.27368e-12
1.27234e-12
1.27097e-12
1.26958e-12
1.26818e-12
1.26675e-12
1.26529e-12
1.26382e-12
1.26232e-12
1.2608e-12
1.25926e-12
1.25769e-12
1.25609e-12
1.25447e-12
1.25282e-12
1.25115e-12
1.24944e-12
1.24771e-12
1.24595e-12
1.24416e-12
1.24233e-12
1.24048e-12
1.23859e-12
1.23667e-12
1.23472e-12
1.23273e-12
1.2307e-12
1.22864e-12
1.22654e-12
1.2244e-12
1.22222e-12
1.22e-12
1.21774e-12
1.21544e-12
1.21308e-12
1.21069e-12
1.20824e-12
1.20575e-12
1.20321e-12
1.20061e-12
1.19796e-12
1.19526e-12
1.1925e-12
1.18968e-12
1.1868e-12
1.18386e-12
1.18086e-12
1.17779e-12
1.17465e-12
1.17144e-12
1.16815e-12
1.1648e-12
1.16136e-12
1.15784e-12
1.15424e-12
1.15055e-12
1.14677e-12
1.1429e-12
1.13893e-12
1.13486e-12
1.13069e-12
1.12641e-12
1.12201e-12
1.1175e-12
1.11287e-12
1.10811e-12
1.10322e-12
1.09819e-12
1.09302e-12
1.0877e-12
1.08222e-12
1.07659e-12
1.07078e-12
1.06479e-12
1.05862e-12
1.05225e-12
1.04568e-12
1.03889e-12
1.03188e-12
1.02463e-12
1.01714e-12
1.00938e-12
1.00135e-12
9.93026e-13
9.84397e-13
9.75444e-13
9.66148e-13
9.56491e-13
9.46448e-13
9.35999e-13
9.25115e-13
9.13771e-13
9.01936e-13
8.89577e-13
8.76658e-13
8.6314e-13
8.48979e-13
8.3413e-13
8.18538e-13
8.02147e-13
7.84892e-13
7.66703e-13
7.47501e-13
7.27198e-13
7.05693e-13
6.82876e-13
6.58621e-13
6.32784e-13
6.05204e-13
5.75693e-13
5.44038e-13
5.09991e-13
4.73265e-13
4.33522e-13
3.90366e-13
3.43326e-13
2.9184e-13
2.35228e-13
1.72662e-13
1.03122e-13
2.53372e-14
-6.23014e-14
-1.61857e-13
-2.76027e-13
-4.08407e-13
-5.63906e-13
-7.49419e-13
-9.74955e-13
-1.25565e-12
-1.61559e-12
-2.09569e-12
-2.77175e-12
-3.80231e-12
-5.58467e-12
-9.45868e-12
-2.24476e-11
-2.20667e-11
-1.17063e-11
-8.13589e-12
-6.36117e-12
-5.28888e-12
-4.56478e-12
-4.03974e-12
-3.63979e-12
-3.32393e-12
-3.06748e-12
-2.85471e-12
-2.67502e-12
-2.52106e-12
-2.38753e-12
-2.2705e-12
-2.16701e-12
-2.07479e-12
-1.99203e-12
-1.91732e-12
-1.84952e-12
-1.78767e-12
-1.73102e-12
-1.67891e-12
-1.63081e-12
-1.58627e-12
-1.54489e-12
-1.50635e-12
-1.47035e-12
-1.43665e-12
-1.40502e-12
-1.37529e-12
-1.34728e-12
-1.32084e-12
-1.29584e-12
-1.27217e-12
-1.24972e-12
-1.22839e-12
-1.20811e-12
-1.1888e-12
-1.17039e-12
-1.15281e-12
-1.13602e-12
-1.11995e-12
-1.10456e-12
-1.08981e-12
-1.07567e-12
-1.06208e-12
-1.04902e-12
-1.03647e-12
-1.02438e-12
-1.01274e-12
-1.00152e-12
-9.90696e-13
-9.80248e-13
-9.70159e-13
-9.60408e-13
-9.50979e-13
-9.41856e-13
-9.33025e-13
-9.24472e-13
-9.16183e-13
-9.08147e-13
-9.00352e-13
-8.92788e-13
-8.85443e-13
-8.7831e-13
-8.71378e-13
-8.6464e-13
-8.58087e-13
-8.51711e-13
-8.45507e-13
-8.39466e-13
-8.33582e-13
-8.2785e-13
-8.22264e-13
-8.16817e-13
-8.11506e-13
-8.06324e-13
-8.01268e-13
-7.96332e-13
-7.91513e-13
-7.86807e-13
-7.82209e-13
-7.77715e-13
-7.73323e-13
-7.69029e-13
-7.6483e-13
-7.60722e-13
-7.56703e-13
-7.5277e-13
-7.4892e-13
-7.45151e-13
-7.41459e-13
-7.37843e-13
-7.34301e-13
-7.30829e-13
-7.27427e-13
-7.24092e-13
-7.20822e-13
-7.17615e-13
-7.14469e-13
-7.11384e-13
-7.08356e-13
-7.05385e-13
-7.02468e-13
-6.99605e-13
-6.96794e-13
-6.94033e-13
-6.91322e-13
-6.88658e-13
-6.86041e-13
-6.8347e-13
-6.80943e-13
-6.78459e-13
-6.76017e-13
-6.73616e-13
-6.71256e-13
-6.68934e-13
-6.66651e-13
-6.64404e-13
-6.62194e-13
-6.6002e-13
-6.5788e-13
-6.55774e-13
-6.537e-13
-6.5166e-13
-6.4965e-13
-6.47672e-13
-6.45723e-13
-6.43804e-13
-6.41914e-13
-6.40052e-13
-6.38218e-13
-6.3641e-13
-6.34629e-13
-6.32874e-13
-6.31144e-13
-6.29439e-13
-6.27758e-13
-6.261e-13
-6.24466e-13
-6.22855e-13
-6.21266e-13
-6.19699e-13
-6.18153e-13
-6.16628e-13
-6.15124e-13
-6.1364e-13
-6.12175e-13
-6.1073e-13
-6.09304e-13
-6.07897e-13
-6.06508e-13
-6.05137e-13
-6.03783e-13
-6.02447e-13
-6.01128e-13
-5.99825e-13
-5.98539e-13
-5.97269e-13
-5.96015e-13
-5.94776e-13
-5.93552e-13
-5.92343e-13
-5.91149e-13
-5.89969e-13
-5.88803e-13
-5.87651e-13
-5.86513e-13
-5.85389e-13
-5.84277e-13
-5.83179e-13
-5.82093e-13
-5.8102e-13
-5.79959e-13
-5.7891e-13
-5.77873e-13
-5.76848e-13
-5.75835e-13
-5.74832e-13
-5.73841e-13
-5.72861e-13
-5.71892e-13
-5.70933e-13
-5.69985e-13
-5.69048e-13
-5.6812e-13
-5.67202e-13
-5.66294e-13
-5.65396e-13
-5.64507e-13
-5.63628e-13
-5.62758e-13
-5.61897e-13
-5.61045e-13
-5.60202e-13
-5.59368e-13
-5.58542e-13
-5.57724e-13
-5.56915e-13
-5.56114e-13
-5.55322e-13
-5.54537e-13
-5.5376e-13
-5.52991e-13
-5.52229e-13
-5.51475e-13
-5.50728e-13
-5.49989e-13
-5.49257e-13
-5.48531e-13
-5.47813e-13
-5.47102e-13
-5.46398e-13
-5.457e-13
-5.45009e-13
-5.44325e-13
-5.43647e-13
-5.42975e-13
-5.4231e-13
-5.4165e-13
-5.40997e-13
-5.4035e-13
-5.39709e-13
-5.39074e-13
-5.38445e-13
-5.37821e-13
-5.37203e-13
-5.3659e-13
-5.35983e-13
-5.35382e-13
-5.34786e-13
-5.34195e-13
-5.33609e-13
-5.33029e-13
-5.32453e-13
-5.31883e-13
-5.31318e-13
-5.30757e-13
-5.30201e-13
-5.29651e-13
-5.29105e-13
-5.28563e-13
-5.28026e-13
-5.27494e-13
-5.26966e-13
-5.26443e-13
-5.25924e-13
-5.2541e-13
-5.249e-13
-5.24394e-13
-5.23892e-13
-5.23394e-13
-5.22901e-13
-5.22411e-13
-5.21926e-13
-5.21444e-13
-5.20967e-13
-5.20493e-13
-5.20023e-13
-5.19557e-13
-5.19094e-13
-5.18636e-13
-5.18181e-13
-5.17729e-13
-5.17281e-13
-5.16837e-13
-5.16396e-13
-5.15959e-13
-5.15525e-13
-5.15094e-13
-5.14667e-13
-5.14243e-13
-5.13822e-13
-5.13405e-13
-5.12991e-13
-5.1258e-13
-5.12172e-13
-5.11767e-13
-5.11365e-13
-5.10967e-13
-5.10571e-13
-5.10178e-13
-5.09788e-13
-5.09401e-13
-5.09017e-13
-5.08636e-13
-5.08258e-13
-5.07882e-13
-5.07509e-13
-5.07139e-13
-5.06772e-13
-5.06407e-13
-5.06045e-13
-5.05686e-13
-5.05329e-13
-5.04975e-13
-5.04623e-13
-5.04274e-13
-5.03927e-13
-5.03583e-13
-5.03241e-13
-5.02902e-13
-5.02565e-13
-5.0223e-13
-5.01898e-13
-5.01568e-13
-5.01241e-13
-5.00915e-13
-5.00592e-13
-5.00272e-13
-4.99953e-13
-4.99637e-13
-4.99322e-13
-4.9901e-13
-4.987e-13
-4.98393e-13
-4.98087e-13
-4.97783e-13
-4.97482e-13
-4.97182e-13
-4.96885e-13
-4.96589e-13
-4.96296e-13
-4.96004e-13
-4.95714e-13
-4.95427e-13
-4.95141e-13
-4.94857e-13
-4.94575e-13
-4.94295e-13
-4.94017e-13
-4.9374e-13
-4.93465e-13
-4.93192e-13
-4.92921e-13
-4.92652e-13
-4.92384e-13
-4.92119e-13
-4.91854e-13
-4.91592e-13
-4.91331e-13
-4.91072e-13
-4.90814e-13
-4.90559e-13
-4.90304e-13
-4.90052e-13
-4.89801e-13
-4.89552e-13
-4.89304e-13
-4.89057e-13
-4.88813e-13
-4.8857e-13
-4.88328e-13
-4.88088e-13
-4.87849e-13
-4.87612e-13
-4.87376e-13
-4.87142e-13
-4.86909e-13
-4.86678e-13
-4.86448e-13
-4.86219e-13
-4.85992e-13
-4.85766e-13
-4.85542e-13
-4.85319e-13
-4.85097e-13
-4.84877e-13
-4.84657e-13
-4.8444e-13
-4.84223e-13
-4.84008e-13
-4.83794e-13
-4.83582e-13
-4.83371e-13
-4.83161e-13
-4.82952e-13
-4.82744e-13
-4.82538e-13
-4.82333e-13
-4.82129e-13
-4.81926e-13
-4.81725e-13
-4.81524e-13
-4.81325e-13
-4.81127e-13
-4.8093e-13
-4.80735e-13
-4.8054e-13
-4.80347e-13
-4.80154e-13
-4.79963e-13
-4.79773e-13
-4.79584e-13
-4.79396e-13
-4.79209e-13
-4.79023e-13
-4.78839e-13
-4.78655e-13
-4.78472e-13
-4.78291e-13
-4.7811e-13
-4.7793e-13
-4.77752e-13
-4.77574e-13
-4.77398e-13
-4.77222e-13
-4.77048e-13
-4.76874e-13
-4.76701e-13
-4.7653e-13
-4.76359e-13
-4.76189e-13
-4.7602e-13
-4.75852e-13
-4.75685e-13
-4.75519e-13
-4.75354e-13
-4.7519e-13
-4.75026e-13
-4.74864e-13
-4.74702e-13
-4.74542e-13
-4.74382e-13
-4.74223e-13
-4.74065e-13
-4.73907e-13
-4.73751e-13
-4.73596e-13
-4.73441e-13
-4.73287e-13
-4.73134e-13
-4.72982e-13
-4.7283e-13
-4.7268e-13
-4.7253e-13
-4.72381e-13
-4.72233e-13
-4.72085e-13
-4.71939e-13
-4.71793e-13
-4.71648e-13
-4.71503e-13
-4.7136e-13
-4.71217e-13
-4.71075e-13
-4.70933e-13
-4.70793e-13
-4.70653e-13
-4.70514e-13
-4.70375e-13
-4.70238e-13
-4.70101e-13
-4.69965e-13
-4.69829e-13
-4.69694e-13
-4.6956e-13
-4.69427e-13
-4.69294e-13
-4.69162e-13
-4.6903e-13
-4.689e-13
-4.68769e-13
-4.6864e-13
-4.68511e-13
-4.68383e-13
-4.68256e-13
-4.68129e-13
