-6.72529e-12
-6.79926e-12
-6.82291e-12
-6.83338e-12
-6.83898e-12
-6.84235e-12
-6.84455e-12
-6.84608e-12
-6.84718e-12
-6.84801e-12
-6.84865e-12
-6.84915e-12
-6.84956e-12
-6.84989e-12
-6.85017e-12
-6.8504e-12
-6.85061e-12
-6.85078e-12
-6.85093e-12
-6.85106e-12
-6.85118e-12
-6.85128e-12
-6.85138e-12
-6.85146e-12
-6.85154e-12
-6.85161e-12
-6.85168e-12
-6.85174e-12
-6.8518e-12
-6.85185e-12
-6.8519e-12
-6.85195e-12
-6.85199e-12
-6.85204e-12
-6.85208e-12
-6.85212e-12
-6.85216e-12
-6.85219e-12
-6.85223e-12
-6.85227e-12
-6.8523e-12
-6.85233e-12
-6.85237e-12
-6.8524e-12
-6.85243e-12
-6.85246e-12
-6.85249e-12
-6.85253e-12
-6.85256e-12
-6.85259e-12
-6.85262e-12
-6.85265e-12
-6.85268e-12
-6.85271e-12
-6.85274e-12
-6.85277e-12
-6.8528e-12
-6.85283e-12
-6.85286e-12
-6.8529e-12
-6.85293e-12
-6.85296e-12
-6.85299e-12
-6.85302e-12
-6.85305e-12
-6.85309e-12
-6.85312e-12
-6.85315e-12
-6.85318e-12
-6.85322e-12
-6.85325e-12
-6.85328e-12
-6.85332e-12
-6.85335e-12
-6.85339e-12
-6.85342e-12
-6.85346e-12
-6.85349e-12
-6.85353e-12
-6.85357e-12
-6.8536e-12
-6.85364e-12
-6.85368e-12
-6.85372e-12
-6.85376e-12
-6.85379e-12
-6.85383e-12
-6.85387e-12
-6.85391e-12
-6.85395e-12
-6.85399e-12
-6.85404e-12
-6.85408e-12
-6.85412e-12
-6.85416e-12
-6.8542e-12
-6.85425e-12
-6.85429e-12
-6.85434e-12
-6.85438e-12
-6.85442e-12
-6.85447e-12
-6.85452e-12
-6.85456e-12
-6.85461e-12
-6.85466e-12
-6.8547e-12
-6.85475e-12
-6.8548e-12
-6.85485e-12
-6.8549e-12
-6.85495e-12
-6.855e-12
-6.85505e-12
-6.8551e-12
-6.85516e-12
-6.85521e-12
-6.85526e-12
-6.85531e-12
-6.85537e-12
-6.85542e-12
-6.85548e-12
-6.85553e-12
-6.85559e-12
-6.85564e-12
-6.8557e-12
-6.85576e-12
-6.85582e-12
-6.85588e-12
-6.85593e-12
-6.85599e-12
-6.85605e-12
-6.85611e-12
-6.85618e-12
-6.85624e-12
-6.8563e-12
-6.85636e-12
-6.85642e-12
-6.85649e-12
-6.85655e-12
-6.85662e-12
-6.85668e-12
-6.85675e-12
-6.85681e-12
-6.85688e-12
-6.85695e-12
-6.85702e-12
-6.85709e-12
-6.85715e-12
-6.85722e-12
-6.85729e-12
-6.85737e-12
-6.85744e-12
-6.85751e-12
-6.85758e-12
-6.85765e-12
-6.85773e-12
-6.8578e-12
-6.85788e-12
-6.85795e-12
-6.85803e-12
-6.8581e-12
-6.85818e-12
-6.85826e-12
-6.85834e-12
-6.85842e-12
-6.8585e-12
-6.85858e-12
-6.85866e-12
-6.85874e-12
-6.85882e-12
-6.8589e-12
-6.85899e-12
-6.85907e-12
-6.85915e-12
-6.85924e-12
-6.85932e-12
-6.85941e-12
-6.8595e-12
-6.85958e-12
-6.85967e-12
-6.85976e-12
-6.85985e-12
-6.85994e-12
-6.86003e-12
-6.86012e-12
-6.86021e-12
-6.86031e-12
-6.8604e-12
-6.86049e-12
-6.86059e-12
-6.86068e-12
-6.86078e-12
-6.86088e-12
-6.86097e-12
-6.86107e-12
-6.86117e-12
-6.86127e-12
-6.86137e-12
-6.86147e-12
-6.86157e-12
-6.86167e-12
-6.86177e-12
-6.86188e-12
-6.86198e-12
-6.86209e-12
-6.86219e-12
-6.8623e-12
-6.8624e-12
-6.86251e-12
-6.86262e-12
-6.86273e-12
-6.86284e-12
-6.86295e-12
-6.86306e-12
-6.86317e-12
-6.86328e-12
-6.8634e-12
-6.86351e-12
-6.86363e-12
-6.86374e-12
-6.86386e-12
-6.86397e-12
-6.86409e-12
-6.86421e-12
-6.86433e-12
-6.86445e-12
-6.86457e-12
-6.86469e-12
-6.86481e-12
-6.86494e-12
-6.86506e-12
-6.86519e-12
-6.86531e-12
-6.86544e-12
-6.86557e-12
-6.86569e-12
-6.86582e-12
-6.86595e-12
-6.86608e-12
-6.86621e-12
-6.86634e-12
-6.86648e-12
-6.86661e-12
-6.86675e-12
-6.86688e-12
-6.86702e-12
-6.86715e-12
-6.86729e-12
-6.86743e-12
-6.86757e-12
-6.86771e-12
-6.86785e-12
-6.86799e-12
-6.86814e-12
-6.86828e-12
-6.86842e-12
-6.86857e-12
-6.86872e-12
-6.86886e-12
-6.86901e-12
-6.86916e-12
-6.86931e-12
-6.86946e-12
-6.86961e-12
-6.86976e-12
-6.86992e-12
-6.87007e-12
-6.87023e-12
-6.87038e-12
-6.87054e-12
-6.8707e-12
-6.87086e-12
-6.87102e-12
-6.87118e-12
-6.87134e-12
-6.87151e-12
-6.87167e-12
-6.87184e-12
-6.872e-12
-6.87217e-12
-6.87234e-12
-6.8725e-12
-6.87267e-12
-6.87285e-12
-6.87302e-12
-6.87319e-12
-6.87336e-12
-6.87354e-12
-6.87372e-12
-6.87389e-12
-6.87407e-12
-6.87425e-12
-6.87443e-12
-6.87461e-12
-6.87479e-12
-6.87498e-12
-6.87516e-12
-6.87535e-12
-6.87553e-12
-6.87572e-12
-6.87591e-12
-6.8761e-12
-6.87629e-12
-6.87648e-12
-6.87668e-12
-6.87687e-12
-6.87707e-12
-6.87726e-12
-6.87746e-12
-6.87766e-12
-6.87786e-12
-6.87806e-12
-6.87827e-12
-6.87847e-12
-6.87867e-12
-6.87888e-12
-6.87909e-12
-6.8793e-12
-6.87951e-12
-6.87972e-12
-6.87993e-12
-6.88014e-12
-6.88036e-12
-6.88057e-12
-6.88079e-12
-6.88101e-12
-6.88123e-12
-6.88145e-12
-6.88167e-12
-6.8819e-12
-6.88212e-12
-6.88235e-12
-6.88257e-12
-6.8828e-12
-6.88303e-12
-6.88326e-12
-6.8835e-12
-6.88373e-12
-6.88397e-12
-6.8842e-12
-6.88444e-12
-6.88468e-12
-6.88492e-12
-6.88516e-12
-6.88541e-12
-6.88565e-12
-6.8859e-12
-6.88615e-12
-6.8864e-12
-6.88665e-12
-6.8869e-12
-6.88716e-12
-6.88741e-12
-6.88767e-12
-6.88793e-12
-6.88819e-12
-6.88845e-12
-6.88871e-12
-6.88898e-12
-6.88924e-12
-6.88951e-12
-6.88978e-12
-6.89005e-12
-6.89032e-12
-6.8906e-12
-6.89087e-12
-6.89115e-12
-6.89143e-12
-6.89171e-12
-6.89199e-12
-6.89227e-12
-6.89256e-12
-6.89285e-12
-6.89314e-12
-6.89343e-12
-6.89372e-12
-6.89401e-12
-6.89431e-12
-6.89461e-12
-6.89491e-12
-6.89521e-12
-6.89551e-12
-6.89581e-12
-6.89612e-12
-6.89643e-12
-6.89674e-12
-6.89705e-12
-6.89736e-12
-6.89768e-12
-6.898e-12
-6.89832e-12
-6.89864e-12
-6.89896e-12
-6.89929e-12
-6.89961e-12
-6.89994e-12
-6.90027e-12
-6.90061e-12
-6.90094e-12
-6.90128e-12
-6.90162e-12
-6.90196e-12
-6.9023e-12
-6.90265e-12
-6.903e-12
-6.90335e-12
-6.9037e-12
-6.90405e-12
-6.90441e-12
-6.90476e-12
-6.90512e-12
-6.90549e-12
-6.90585e-12
-6.90622e-12
-6.90659e-12
-6.90696e-12
-6.90733e-12
-6.90771e-12
-6.90809e-12
-6.90847e-12
-6.90885e-12
-6.90924e-12
-6.90962e-12
-6.91001e-12
-6.91041e-12
-6.9108e-12
-6.9112e-12
-6.9116e-12
-6.912e-12
-6.91241e-12
-6.91281e-12
-6.91322e-12
-6.91364e-12
-6.91405e-12
-6.91447e-12
-6.91489e-12
-6.91531e-12
-6.91574e-12
-6.91617e-12
-6.9166e-12
-6.91703e-12
-6.91747e-12
-6.91791e-12
-6.91835e-12
-6.91879e-12
-6.91924e-12
-6.91969e-12
-6.92015e-12
-6.9206e-12
-6.92106e-12
-6.92152e-12
-6.92199e-12
-6.92246e-12
-6.92293e-12
-6.9234e-12
-6.92388e-12
-6.92436e-12
-6.92485e-12
-6.92533e-12
-6.92582e-12
-6.92632e-12
-6.92681e-12
-6.92731e-12
-6.92781e-12
-6.92832e-12
-6.92883e-12
-6.92934e-12
-6.92986e-12
-6.93038e-12
-6.9309e-12
-6.93143e-12
-6.93196e-12
-6.9325e-12
-6.93303e-12
-6.93357e-12
-6.93412e-12
-6.93467e-12
-6.93522e-12
-6.93578e-12
-6.93634e-12
-6.9369e-12
-6.93747e-12
-6.93804e-12
-6.93861e-12
-6.93919e-12
-6.93978e-12
-6.94036e-12
-6.94096e-12
-6.94155e-12
-6.94215e-12
-6.94275e-12
-6.94336e-12
-6.94397e-12
-6.94459e-12
-6.94521e-12
-6.94584e-12
-6.94647e-12
-6.9471e-12
-6.94774e-12
-6.94838e-12
-6.94903e-12
-6.94968e-12
-6.95034e-12
-6.951e-12
-6.95167e-12
-6.95234e-12
-6.95302e-12
-6.9537e-12
-6.95438e-12
-6.95507e-12
-6.95577e-12
-6.95647e-12
-6.95718e-12
-6.95789e-12
-6.95861e-12
-6.95933e-12
-6.96006e-12
-6.96079e-12
-6.96153e-12
-6.96227e-12
-6.96302e-12
-6.96377e-12
-6.96454e-12
-6.9653e-12
-6.96607e-12
-6.96685e-12
-6.96764e-12
-6.96843e-12
-6.96922e-12
-6.97003e-12
-6.97083e-12
-6.97165e-12
-6.97247e-12
-6.9733e-12
-6.97413e-12
-6.97497e-12
-6.97582e-12
-6.97667e-12
-6.97753e-12
-6.9784e-12
-6.97927e-12
-6.98015e-12
-6.98104e-12
-6.98194e-12
-6.98284e-12
-6.98375e-12
-6.98467e-12
-6.98559e-12
-6.98652e-12
-6.98746e-12
-6.98841e-12
-6.98937e-12
-6.99033e-12
-6.9913e-12
-6.99228e-12
-6.99327e-12
-6.99426e-12
-6.99527e-12
-6.99628e-12
-6.9973e-12
-6.99833e-12
-6.99937e-12
-7.00041e-12
-7.00147e-12
-7.00253e-12
-7.00361e-12
-7.00469e-12
-7.00578e-12
-7.00689e-12
-7.008e-12
-7.00912e-12
-7.01025e-12
-7.01139e-12
-7.01255e-12
-7.01371e-12
-7.01488e-12
-7.01606e-12
-7.01726e-12
-7.01846e-12
-7.01968e-12
-7.0209e-12
-7.02214e-12
-7.02339e-12
-7.02465e-12
-7.02592e-12
-7.02721e-12
-7.0285e-12
-7.02981e-12
-7.03113e-12
-7.03247e-12
-7.03381e-12
-7.03517e-12
-7.03654e-12
-7.03793e-12
-7.03932e-12
-7.04073e-12
-7.04216e-12
-7.0436e-12
-7.04505e-12
-7.04652e-12
-7.048e-12
-7.0495e-12
-7.05101e-12
-7.05254e-12
-7.05408e-12
-7.05564e-12
-7.05721e-12
-7.0588e-12
-7.0604e-12
-7.06203e-12
-7.06367e-12
-7.06532e-12
-7.067e-12
-7.06869e-12
-7.0704e-12
-7.07212e-12
-7.07387e-12
-7.07563e-12
-7.07741e-12
-7.07922e-12
-7.08104e-12
-7.08288e-12
-7.08474e-12
-7.08662e-12
-7.08853e-12
-7.09045e-12
-7.0924e-12
-7.09437e-12
-7.09636e-12
-7.09837e-12
-7.1004e-12
-7.10246e-12
-7.10454e-12
-7.10665e-12
-7.10878e-12
-7.11094e-12
-7.11312e-12
-7.11533e-12
-7.11756e-12
-7.11982e-12
-7.12211e-12
-7.12443e-12
-7.12677e-12
-7.12914e-12
-7.13155e-12
-7.13398e-12
-7.13644e-12
-7.13894e-12
-7.14146e-12
-7.14402e-12
-7.14661e-12
-7.14923e-12
-7.15189e-12
-7.15458e-12
-7.15731e-12
-7.16007e-12
-7.16287e-12
-7.16571e-12
-7.16858e-12
-7.1715e-12
-7.17445e-12
-7.17745e-12
-7.18048e-12
-7.18356e-12
-7.18668e-12
-7.18985e-12
-7.19306e-12
-7.19632e-12
-7.19962e-12
-7.20297e-12
-7.20637e-12
-7.20982e-12
-7.21332e-12
-7.21688e-12
-7.22048e-12
-7.22415e-12
-7.22787e-12
-7.23164e-12
-7.23547e-12
-7.23937e-12
-7.24332e-12
-7.24734e-12
-7.25143e-12
-7.25557e-12
-7.25979e-12
-7.26408e-12
-7.26843e-12
-7.27286e-12
-7.27736e-12
-7.28194e-12
-7.2866e-12
-7.29134e-12
-7.29616e-12
-7.30107e-12
-7.30606e-12
-7.31114e-12
-7.31632e-12
-7.32159e-12
-7.32695e-12
-7.33242e-12
-7.33799e-12
-7.34366e-12
-7.34944e-12
-7.35534e-12
-7.36135e-12
-7.36747e-12
-7.37372e-12
-7.3801e-12
-7.3866e-12
-7.39324e-12
-7.40002e-12
-7.40694e-12
-7.41401e-12
-7.42122e-12
-7.4286e-12
-7.43614e-12
-7.44384e-12
-7.45172e-12
-7.45978e-12
-7.46802e-12
-7.47645e-12
-7.48509e-12
-7.49393e-12
-7.50299e-12
-7.51227e-12
-7.52178e-12
-7.53153e-12
-7.54152e-12
-7.55178e-12
-7.56231e-12
-7.57312e-12
-7.58422e-12
-7.59562e-12
-7.60735e-12
-7.6194e-12
-7.6318e-12
-7.64457e-12
-7.65771e-12
-7.67125e-12
-7.6852e-12
-7.69959e-12
-7.71443e-12
-7.72976e-12
-7.74559e-12
-7.76195e-12
-7.77887e-12
-7.79637e-12
-7.8145e-12
-7.83328e-12
-7.85276e-12
-7.87297e-12
-7.89396e-12
-7.91578e-12
-7.93847e-12
-7.9621e-12
-7.98673e-12
-8.01242e-12
-8.03925e-12
-8.06731e-12
-8.09667e-12
-8.12744e-12
-8.15973e-12
-8.19366e-12
-8.22936e-12
-8.267e-12
-8.30673e-12
-8.34874e-12
-8.39327e-12
-8.44054e-12
-8.49085e-12
-8.54451e-12
-8.60189e-12
-8.66343e-12
-8.72963e-12
-8.80108e-12
-8.87849e-12
-8.96269e-12
-9.0547e-12
-9.15576e-12
-9.26741e-12
-9.39156e-12
-9.53066e-12
-9.68789e-12
-9.86746e-12
-1.00751e-11
-1.03187e-11
-1.061e-11
-1.09667e-11
-1.14174e-11
-1.20124e-11
-1.28506e-11
-1.41668e-11
-1.67467e-11
-2.89795e-11
-9.07468e-13
-7.11203e-12
-1.04056e-11
-1.28088e-11
-1.48425e-11
-1.6742e-11
-1.86706e-11
-2.08093e-11
-2.34751e-11
-2.75596e-11
-3.99538e-11
-1.56309e-11
-2.53901e-11
-3.27372e-11
-4.47003e-11
-2.42531e-11
-3.99753e-11
-6.93558e-11
-4.15434e-11
-7.33627e-11
-4.99533e-11
-2.88449e-11
-6.89584e-11
-5.68333e-11
-4.49257e-11
-1.38521e-11
-8.3026e-11
-7.31132e-11
-6.6534e-11
-6.05204e-11
-5.39274e-11
-4.55136e-11
-3.24628e-11
-9.75563e-12
-9.057e-11
-8.53204e-11
-7.87404e-11
-7.2519e-11
-6.61356e-11
-5.88861e-11
-4.95024e-11
-3.44107e-11
-1.48237e-11
-8.48043e-11
-7.63836e-11
-6.71548e-11
-5.66858e-11
-4.15019e-11
-1.14876e-11
-8.09223e-11
-7.04172e-11
-5.8269e-11
-4.06987e-11
-2.47761e-11
-7.56698e-11
-6.2877e-11
-4.61102e-11
-1.05888e-11
-7.45503e-11
-6.06102e-11
-4.05018e-11
-5.88856e-11
-6.83552e-11
-5.16104e-11
-1.63852e-11
-7.21626e-11
-5.63426e-11
-2.79989e-11
-7.26526e-11
-5.75216e-11
-2.97234e-11
-7.1593e-11
-5.58745e-11
-2.40805e-11
-6.9361e-11
-5.14224e-11
-9.55676e-12
-6.48044e-11
-4.32131e-11
-6.15006e-11
-5.76081e-11
-2.66779e-11
-6.67824e-11
-4.67228e-11
-4.19461e-11
-5.74207e-11
-2.51936e-11
-6.47091e-11
-4.25755e-11
-6.32811e-11
-5.2063e-11
-7.44843e-12
-5.85998e-11
-2.78807e-11
-6.32099e-11
-3.95485e-11
-6.44295e-11
-4.65884e-11
-4.88265e-11
-5.14374e-11
-6.48731e-12
-5.49691e-11
-1.52452e-11
-5.75499e-11
-2.44148e-11
-5.93488e-11
-3.00558e-11
-6.0465e-11
-3.35319e-11
-6.10013e-11
-3.55794e-11
-6.10982e-11
-3.65614e-11
-6.0914e-11
-3.66533e-11
-6.05573e-11
-3.59189e-11
-6.00331e-11
-3.43343e-11
-5.92574e-11
-3.17762e-11
-5.81216e-11
-2.79729e-11
-5.65438e-11
-2.23931e-11
-5.44744e-11
-1.41654e-11
-5.18702e-11
-4.91481e-12
-4.86555e-11
-2.62285e-11
-4.46714e-11
-5.41571e-11
-3.95858e-11
-5.79071e-11
-3.26791e-11
-5.59542e-11
-2.22397e-11
-5.21771e-11
-5.99769e-12
-4.72532e-11
-3.92432e-11
-4.09314e-11
-5.66113e-11
-3.20873e-11
-5.44871e-11
-1.73922e-11
-4.93571e-11
-1.14473e-11
-4.2495e-11
-5.50208e-11
-3.27787e-11
-5.38504e-11
-1.57785e-11
-4.78844e-11
-2.75109e-11
-3.95783e-11
-5.51329e-11
-2.66279e-11
-5.07178e-11
-3.46538e-12
-4.28663e-11
-5.3266e-11
-3.10998e-11
-5.18408e-11
-7.92131e-12
-4.40273e-11
-5.07395e-11
-3.21839e-11
-5.17455e-11
-8.40345e-12
-4.35357e-11
-5.11087e-11
-3.06484e-11
-5.0634e-11
-4.19327e-12
-4.14763e-11
-5.27928e-11
-2.62087e-11
-4.83779e-11
-1.01085e-11
-3.75949e-11
-5.24906e-11
-1.71535e-11
-4.46753e-11
-4.59454e-11
-3.10117e-11
-4.95978e-11
-2.59398e-12
-3.89876e-11
-5.21005e-11
-1.88707e-11
-4.44443e-11
-4.55282e-11
-2.97807e-11
-4.84106e-11
-4.59712e-12
-3.65141e-11
-5.09501e-11
-1.12729e-11
-4.1225e-11
-5.08217e-11
-2.24104e-11
-4.47379e-11
-4.19551e-11
-2.93683e-11
-4.73867e-11
-1.07098e-11
-3.40824e-11
-4.92664e-11
-3.48215e-12
-3.74884e-11
-5.03033e-11
-1.15542e-11
-4.00335e-11
-5.02584e-11
-1.79739e-11
-4.19541e-11
-4.87233e-11
-2.2352e-11
-4.33873e-11
-4.52145e-11
-2.53389e-11
-4.44207e-11
-3.95828e-11
-2.73522e-11
-4.51152e-11
-3.27632e-11
-2.86313e-11
-4.55163e-11
-2.6843e-11
-2.93135e-11
-4.56574e-11
-2.36218e-11
-2.94744e-11
-4.55603e-11
-2.37162e-11
-2.91478e-11
-4.52344e-11
-2.69867e-11
-2.83338e-11
-4.4677e-11
-3.2575e-11
-2.69988e-11
-4.38755e-11
-3.87106e-11
-2.50675e-11
-4.28092e-11
-4.36414e-11
-2.24048e-11
-4.145e-11
-4.66703e-11
-1.87833e-11
-3.97597e-11
-4.79662e-11
-1.38483e-11
-3.76831e-11
-4.79586e-11
-7.28931e-12
-3.51348e-11
-4.70213e-11
-1.38587e-12
-3.19743e-11
-4.53996e-11
-1.38056e-11
-2.79581e-11
-4.32211e-11
-3.8685e-11
-2.26407e-11
-4.05156e-11
-4.652e-11
-1.51916e-11
-3.72195e-11
-4.71903e-11
-4.86398e-12
-3.31484e-11
-4.54594e-11
-7.72877e-12
-2.79111e-11
-4.26201e-11
-4.00142e-11
-2.06831e-11
-3.89796e-11
-4.67849e-11
-9.84489e-12
-3.44431e-11
-4.57158e-11
-2.38689e-12
-2.85619e-11
-4.25553e-11
-3.88303e-11
-2.02377e-11
-3.83012e-11
-4.64911e-11
-7.23298e-12
-3.28783e-11
-4.46081e-11
-1.25668e-11
-2.55366e-11
-4.05738e-11
-4.45218e-11
-1.42599e-11
-3.52549e-11
-4.55088e-11
-1.12203e-12
-2.81665e-11
-4.1715e-11
-4.07496e-11
-1.74907e-11
-3.62966e-11
-4.56618e-11
-1.36928e-12
-2.90452e-11
-4.19639e-11
-3.86638e-11
-1.8074e-11
-3.62522e-11
-4.5439e-11
-1.19034e-12
-2.84889e-11
-4.14279e-11
-4.04077e-11
-1.63752e-11
-3.51924e-11
-4.48723e-11
-1.40796e-12
-2.64984e-11
-4.0092e-11
-4.35916e-11
-1.20944e-11
-3.30494e-11
-4.36674e-11
-1.47434e-11
-2.27609e-11
-3.78438e-11
-4.50612e-11
-4.61444e-12
-2.95796e-11
-4.15237e-11
-3.78222e-11
-1.64028e-11
-3.44731e-11
-4.41029e-11
-4.46531e-12
-2.41854e-11
-3.82469e-11
-4.4591e-11
-5.71184e-12
-2.95509e-11
-4.12181e-11
-3.81702e-11
-1.53442e-11
-3.35655e-11
-4.34068e-11
-1.14636e-11
-2.20086e-11
-3.67258e-11
-4.44581e-11
-1.45031e-12
-2.6736e-11
-3.92704e-11
-4.31477e-11
-8.92031e-12
-3.02927e-11
-4.13018e-11
-3.5791e-11
-1.54757e-11
-3.30799e-11
-4.28304e-11
-1.64578e-11
-2.02237e-11
-3.53166e-11
-4.37826e-11
-1.47196e-12
-2.37319e-11
-3.71295e-11
-4.3989e-11
-2.17432e-12
-2.63969e-11
-3.85954e-11
-4.31686e-11
-6.51237e-12
-2.84554e-11
-3.97641e-11
-4.09441e-11
-1.03812e-11
-3.00513e-11
-4.06713e-11
-3.698e-11
-1.33302e-11
-3.12754e-11
-4.13467e-11
-3.1361e-11
-1.54828e-11
-3.21872e-11
-4.18185e-11
-2.50262e-11
-1.69919e-11
-3.28265e-11
-4.21155e-11
-1.94928e-11
-1.79695e-11
-3.322e-11
-4.22645e-11
-1.58329e-11
-1.84886e-11
-3.33853e-11
-4.22874e-11
-1.4297e-11
-1.85919e-11
-3.3333e-11
-4.21964e-11
-1.48044e-11
-1.82986e-11
-3.30677e-11
-4.19918e-11
-1.73276e-11
-1.76074e-11
-3.25886e-11
-4.16628e-11
-2.17647e-11
-1.64971e-11
-3.18897e-11
-4.11911e-11
-2.74846e-11
-1.49248e-11
-3.09592e-11
-4.05556e-11
-3.32304e-11
-1.28242e-11
-2.9778e-11
-3.97361e-11
-3.78254e-11
-1.01116e-11
-2.83175e-11
-3.8715e-11
-4.08029e-11
-6.73803e-12
-2.65353e-11
-3.7476e-11
-4.22897e-11
-2.96414e-12
-2.43684e-11
-3.60019e-11
-4.26226e-11
-6.30068e-13
-2.17216e-11
-3.42699e-11
-4.21199e-11
-6.56341e-12
-1.84504e-11
-3.22463e-11
-4.10134e-11
-2.45087e-11
-1.43394e-11
-2.98782e-11
-3.94497e-11
-3.73559e-11
-9.1316e-12
-2.70818e-11
-3.75077e-11
-4.17358e-11
-3.09049e-12
-2.37215e-11
-3.5213e-11
-4.22044e-11
-1.70816e-12
-1.95753e-11
-3.25439e-11
-4.09899e-11
-2.16876e-11
-1.42847e-11
-2.94274e-11
-3.89326e-11
-3.84226e-11
-7.43729e-12
-2.57197e-11
-3.63364e-11
-4.20302e-11
-8.53796e-13
-2.11622e-11
-3.32755e-11
-4.12542e-11
-1.45782e-11
-1.53027e-11
-2.96922e-11
-3.89638e-11
-3.76073e-11
-7.53882e-12
-2.54049e-11
-3.59375e-11
-4.18953e-11
-7.04696e-13
-2.00514e-11
-3.23433e-11
-4.06039e-11
-2.29396e-11
-1.2971e-11
-2.80935e-11
-3.77042e-11
-4.04495e-11
-3.73391e-12
-2.28887e-11
-3.40403e-11
-4.13887e-11
-7.50531e-12
-1.61124e-11
-2.96965e-11
-3.87396e-11
-3.73492e-11
-6.83417e-12
-2.44247e-11
-3.49638e-11
-4.1574e-11
-2.30504e-12
-1.76155e-11
-3.04316e-11
-3.91667e-11
-3.46995e-11
-8.18285e-12
-2.49361e-11
-3.52084e-11
-4.15073e-11
-1.5638e-12
-1.78213e-11
-3.03986e-11
-3.90668e-11
-3.47006e-11
-7.86209e-12
-2.45339e-11
-3.48147e-11
-4.13605e-11
-2.75406e-12
-1.68376e-11
-2.96277e-11
-3.84495e-11
-3.72127e-11
-5.96224e-12
-2.32242e-11
-3.3779e-11
-4.09632e-11
-8.85734e-12
-1.4597e-11
-2.80938e-11
-3.72588e-11
-3.99992e-11
-2.74771e-12
-2.09134e-11
-3.20601e-11
-3.99924e-11
-2.39758e-11
-1.08568e-11
-2.57082e-11
-3.54139e-11
-4.11551e-11
-1.17255e-12
-1.73678e-11
-2.9576e-11
-3.82349e-11
-3.70614e-11
-5.35346e-12
-2.22803e-11
-3.2831e-11
-4.03455e-11
-1.66684e-11
-1.21256e-11
-2.6172e-11
-3.56273e-11
-4.09611e-11
-9.9799e-13
-1.74201e-11
-2.93916e-11
-3.8003e-11
-3.73761e-11
-4.72147e-12
-2.15363e-11
-3.21356e-11
-3.98613e-11
-2.25315e-11
-1.03806e-11
-2.48538e-11
-3.45114e-11
-4.08595e-11
-3.67715e-12
-1.50093e-11
-2.76128e-11
-3.65677e-11
-4.00915e-11
-1.60508e-12
-1.8672e-11
-2.99593e-11
-3.83035e-11
-3.53625e-11
-5.56296e-12
-2.16255e-11
-3.19831e-11
-3.96643e-11
-2.32531e-11
-9.68319e-12
-2.40577e-11
-3.37388e-11
-4.05247e-11
-7.9751e-12
-1.31111e-11
-2.60921e-11
-3.52591e-11
-4.06574e-11
-1.46093e-12
-1.588e-11
-2.78098e-11
-3.65619e-11
-3.96985e-11
-1.70944e-12
-1.81193e-11
-2.92649e-11
-3.76562e-11
-3.71508e-11
-3.89291e-12
-1.9937e-11
-3.04943e-11
-3.85462e-11
-3.25605e-11
-6.2213e-12
-2.14115e-11
-3.15235e-11
-3.92369e-11
-2.60438e-11
-8.23751e-12
-2.25977e-11
-3.23708e-11
-3.97381e-11
-1.88367e-11
-9.8638e-12
-2.35345e-11
-3.30495e-11
-4.00681e-11
-1.26949e-11
-1.11175e-11
-2.42492e-11
-3.35696e-11
-4.02561e-11
-8.49209e-12
-1.20334e-11
-2.47611e-11
-3.39387e-11
-4.03391e-11
-6.03537e-12
-1.26433e-11
-2.50836e-11
-3.41626e-11
-4.03563e-11
-4.79736e-12
-1.29713e-11
-2.52259e-11
-3.42451e-11
-4.03398e-11
-4.37708e-12
-1.30335e-11
-2.51936e-11
-3.41885e-11
-4.03056e-11
-4.60441e-12
-1.28391e-11
-2.49896e-11
-3.39934e-11
-4.02495e-11
-5.53301e-12
-1.23907e-11
-2.46141e-11
-3.3659e-11
-4.0148e-11
-7.42456e-12
-1.16853e-11
-2.40649e-11
-3.31833e-11
-3.99656e-11
-1.06943e-11
-1.07155e-11
-2.33372e-11
-3.25632e-11
-3.96636e-11
-1.56762e-11
-9.47125e-12
-2.24231e-11
-3.17949e-11
-3.92091e-11
-2.20999e-11
-7.94662e-12
-2.13109e-11
-3.08736e-11
-3.85791e-11
-2.87618e-11
-6.1572e-12
-1.99843e-11
-2.97933e-11
-3.77615e-11
-3.42196e-11
-4.19117e-12
-1.84208e-11
-2.85461e-11
-3.67537e-11
-3.77894e-11
-2.35782e-12
-1.65903e-11
-2.71213e-11
-3.5558e-11
-3.95903e-11
-1.60597e-12
-1.44544e-11
-2.55036e-11
-3.41789e-11
-4.00534e-11
-4.40728e-12
-1.19682e-11
-2.36717e-11
-3.26189e-11
-3.95941e-11
-1.42788e-11
-9.09818e-12
-2.1595e-11
-3.08764e-11
-3.85149e-11
-2.79219e-11
-5.89718e-12
-1.92312e-11
-2.89432e-11
-3.70117e-11
-3.65575e-11
-2.82023e-12
-1.6522e-11
-2.68019e-11
-3.52016e-11
-3.96444e-11
-1.97662e-12
-1.33938e-11
-2.44229e-11
-3.31483e-11
-3.97638e-11
-9.84905e-12
-9.77876e-12
-2.17608e-11
-3.08781e-11
-3.84828e-11
-2.73452e-11
-5.74842e-12
-1.87483e-11
-2.83895e-11
-3.65099e-11
-3.7616e-11
-2.24065e-12
-1.52921e-11
-2.56561e-11
-3.41478e-11
-3.98767e-11
-4.44611e-12
-1.1284e-11
-2.26257e-11
-3.15158e-11
-3.88959e-11
-2.2198e-11
-6.7187e-12
-1.92151e-11
-2.86428e-11
-3.66952e-11
-3.68717e-11
-2.50266e-12
-1.5304e-11
-2.55039e-11
-3.39641e-11
-3.98234e-11
-5.13374e-12
-1.07537e-11
-2.20306e-11
-3.09254e-11
-3.84813e-11
-2.61493e-11
-5.63029e-12
-1.81084e-11
-2.76232e-11
-3.57969e-11
-3.86079e-11
-1.99895e-12
-1.35751e-11
-2.40142e-11
-3.26002e-11
-3.94603e-11
-1.29489e-11
-8.30038e-12
-1.99917e-11
-2.91035e-11
-3.70496e-11
-3.51695e-11
-3.01891e-12
-1.53859e-11
-2.53102e-11
-3.3716e-11
-3.97361e-11
-6.12592e-12
-1.00012e-11
-2.11224e-11
-3.00048e-11
-3.77752e-11
-3.1107e-11
-4.14702e-12
-1.63616e-11
-2.5993e-11
-3.43026e-11
-3.96459e-11
-4.00725e-12
-1.07974e-11
-2.15905e-11
-3.03572e-11
-3.80446e-11
-2.88588e-11
-4.61508e-12
-1.66031e-11
-2.61e-11
-3.43784e-11
-3.9581e-11
-3.84042e-12
-1.07722e-11
-2.14402e-11
-3.01742e-11
-3.79024e-11
-2.96696e-11
-4.34042e-12
-1.61573e-11
-2.56471e-11
-3.39469e-11
-3.96422e-11
-5.17691e-12
-9.96952e-12
-2.06867e-11
-2.94587e-11
-3.73268e-11
-3.30413e-11
-3.45657e-12
-1.5032e-11
-2.46359e-11
-3.29985e-11
-3.95376e-11
-9.57365e-12
-8.40601e-12
-1.93219e-11
-2.82066e-11
-3.62486e-11
-3.69834e-11
-2.49477e-12
-1.32024e-11
-2.30545e-11
-3.15187e-11
-3.88542e-11
-1.96989e-11
-6.13272e-12
-1.73124e-11
-2.64075e-11
-3.46074e-11
-3.93148e-11
-3.52286e-12
-1.06195e-11
-2.08733e-11
-2.94969e-11
-3.73638e-11
-3.23216e-11
-3.53218e-12
-1.45941e-11
-2.40393e-11
-3.23851e-11
-3.93084e-11
-1.30885e-11
-7.27445e-12
-1.80332e-11
-2.69219e-11
-3.50726e-11
-3.88386e-11
-2.96034e-12
-1.10747e-11
-2.10555e-11
-2.95931e-11
-3.74524e-11
-3.15112e-11
-3.65585e-12
-1.44324e-11
-2.37642e-11
-3.20918e-11
-3.91764e-11
-1.48123e-11
-6.75495e-12
-1.73638e-11
-2.62338e-11
-3.44206e-11
-3.92946e-11
-4.09348e-12
-9.94457e-12
-1.99497e-11
-2.85142e-11
-3.65317e-11
-3.55221e-11
-2.88231e-12
-1.28112e-11
-2.22612e-11
-3.06356e-11
-3.82885e-11
-2.4781e-11
-4.81566e-12
-1.53293e-11
-2.43513e-11
-3.26108e-11
-3.93864e-11
-1.12179e-11
-7.31433e-12
-1.75433e-11
-2.62575e-11
-3.44352e-11
-3.92065e-11
-4.20244e-12
-9.70781e-12
-1.95017e-11
-2.80048e-11
-3.60842e-11
-3.66501e-11
-2.86183e-12
-1.18501e-11
-2.12435e-11
-2.96091e-11
-3.75081e-11
-3.04379e-11
-3.75839e-12
-1.37308e-11
-2.2798e-11
-3.10788e-11
-3.8627e-11
-2.10124e-11
-5.29011e-12
-1.53716e-11
-2.41864e-11
-3.24169e-11
-3.93258e-11
-1.20737e-11
-6.88866e-12
-1.67982e-11
-2.54234e-11
-3.36224e-11
-3.94584e-11
-6.52618e-12
-8.3653e-12
-1.80328e-11
-2.6519e-11
-3.46917e-11
-3.8872e-11
-3.99352e-12
-9.66336e-12
-1.90933e-11
-2.74794e-11
-3.56206e-11
-3.74633e-11
-3.17121e-12
-1.07721e-11
-1.9993e-11
-2.83088e-11
-3.64064e-11
-3.52613e-11
-3.15435e-12
-1.16963e-11
-2.07419e-11
-2.90093e-11
-3.70492e-11
-3.24894e-11
-3.46274e-12
-1.24447e-11
-2.13472e-11
-2.9582e-11
-3.75535e-11
-2.95374e-11
-3.85892e-12
-1.30266e-11
-2.18143e-11
-3.00272e-11
-3.79282e-11
-2.68338e-11
-4.22731e-12
-1.34501e-11
-2.21469e-11
-3.0345e-11
-3.81852e-11
-2.47082e-11
-4.51248e-12
-1.37217e-11
-2.23476e-11
-3.05351e-11
-3.83368e-11
-2.33417e-11
-4.68938e-12
-1.38466e-11
-2.24184e-11
-3.05973e-11
-3.83924e-11
-2.28016e-11
-4.7494e-12
-1.38289e-11
-2.23607e-11
-3.05313e-11
-3.8356e-11
-2.30964e-11
-4.69432e-12
-1.36715e-11
-2.21757e-11
-3.03369e-11
-3.8224e-11
-2.42063e-11
-4.53462e-12
-1.33765e-11
-2.18641e-11
-3.00141e-11
-3.79866e-11
-2.6073e-11
-4.2912e-12
-1.29455e-11
-2.14266e-11
-2.95632e-11
-3.76297e-11
-2.85594e-11
-4.00084e-12
-1.23798e-11
-2.08638e-11
-2.8985e-11
-3.71389e-11
-3.14078e-11
-3.72744e-12
-1.16804e-11
-2.0176e-11
-2.82807e-11
-3.65021e-11
-3.4247e-11
-3.5837e-12
-1.08492e-11
-1.93631e-11
-2.74522e-11
-3.57125e-11
-3.66795e-11
-3.7716e-12
-9.89013e-12
-1.84248e-11
-2.65012e-11
-3.47687e-11
-3.84064e-11
-4.65366e-12
-8.81157e-12
-1.73603e-11
-2.54301e-11
-3.36749e-11
-3.93027e-11
-6.85282e-12
-7.63205e-12
-1.6168e-11
-2.42407e-11
-3.2439e-11
-3.94038e-11
-1.12678e-11
-6.3919e-12
-1.48467e-11
-2.29343e-11
-3.10708e-11
-3.88378e-11
-1.85152e-11
-5.1794e-12
-1.3395e-11
-2.15114e-11
-2.95804e-11
-3.77587e-11
-2.73597e-11
-4.191e-12
-1.18147e-11
-1.99709e-11
-2.79769e-11
-3.63062e-11
-3.46332e-11
-3.87225e-12
-1.01144e-11
-1.83107e-11
-2.62672e-11
-3.45893e-11
-3.84998e-11
-5.22519e-12
-8.32244e-12
-1.65273e-11
-2.44556e-11
-3.26865e-11
-3.94563e-11
-1.02071e-11
-6.51571e-12
-1.46171e-11
-2.25429e-11
-3.06498e-11
-3.8639e-11
-2.05103e-11
-4.89876e-12
-1.25796e-11
-2.05271e-11
-2.85113e-11
-3.68834e-11
-3.20877e-11
-4.01965e-12
-1.04257e-11
-1.84028e-11
-2.62882e-11
-3.46593e-11
-3.83221e-11
-5.34459e-12
-8.20069e-12
-1.61631e-11
-2.39866e-11
-3.22057e-11
-3.94102e-11
-1.21448e-11
-6.04956e-12
-1.38024e-11
-2.16045e-11
-2.96369e-11
-3.79412e-11
-2.5939e-11
-4.41681e-12
-1.13253e-11
-1.91336e-11
-2.70023e-11
-3.54489e-11
-3.67988e-11
-4.67409e-12
-8.7736e-12
-1.65625e-11
-2.4317e-11
-3.25846e-11
-3.94772e-11
-1.06266e-11
-6.30766e-12
-1.38811e-11
-2.15774e-11
-2.95989e-11
-3.79654e-11
-2.57462e-11
-4.48216e-12
-1.10956e-11
-1.87696e-11
-2.65777e-11
-3.50521e-11
-3.75352e-11
-5.21258e-12
-8.27106e-12
-1.58758e-11
-2.35387e-11
-3.17521e-11
-3.9338e-11
-1.40049e-11
-5.68145e-12
-1.28847e-11
-2.04703e-11
-2.83835e-11
-3.6929e-11
-3.15233e-11
-4.37251e-12
-9.82126e-12
-1.73487e-11
-2.50276e-11
-3.3416e-11
-3.93017e-11
-8.22054e-12
-6.84781e-12
-1.41513e-11
-2.16845e-11
-2.97102e-11
-3.81548e-11
-2.44683e-11
-4.65901e-12
-1.08817e-11
-1.8326e-11
-2.60351e-11
-3.45512e-11
-3.82308e-11
-6.13576e-12
-7.65402e-12
-1.49192e-11
-2.2416e-11
-3.05288e-11
-3.87943e-11
-1.9771e-11
-5.03052e-12
-1.14548e-11
-1.8821e-11
-2.65456e-11
-3.51408e-11
-3.71572e-11
-5.54454e-12
-8.03007e-12
-1.52074e-11
-2.26625e-11
-3.08156e-11
-3.90057e-11
-1.81253e-11
-5.19658e-12
-1.15575e-11
-1.8842e-11
-2.6547e-11
-3.51811e-11
-3.70127e-11
-5.62862e-12
-7.97658e-12
-1.50309e-11
-2.24237e-11
-3.05561e-11
-3.88861e-11
-1.92765e-11
-5.11756e-12
-1.121e-11
-1.83976e-11
-2.60363e-11
-3.46606e-11
-3.79278e-11
-6.35379e-12
-7.52477e-12
-1.44055e-11
-2.17068e-11
-2.9748e-11
-3.83541e-11
-2.32766e-11
-4.90053e-12
-1.04378e-11
-1.75014e-11
-2.50237e-11
-3.35594e-11
-3.91419e-11
-8.35234e-12
-6.74217e-12
-1.33506e-11
-2.05281e-11
-2.84056e-11
-3.72172e-11
-2.98183e-11
-4.87254e-12
-9.2808e-12
-1.6173e-11
-2.35338e-11
-3.18756e-11
-3.95206e-11
-1.32479e-11
-5.78063e-12
-1.18945e-11
-1.89135e-11
-2.65639e-11
-3.53484e-11
-3.64162e-11
-5.9155e-12
-7.81724e-12
-1.44392e-11
-2.16034e-11
-2.96492e-11
-3.83899e-11
-2.32066e-11
-5.03612e-12
-1.00854e-11
-1.68952e-11
-2.4276e-11
-3.27818e-11
-3.94985e-11
-1.04363e-11
-6.24078e-12
-1.23382e-11
-1.92763e-11
-2.69585e-11
-3.58511e-11
-3.49671e-11
-5.70667e-12
-8.03094e-12
-1.45119e-11
-2.1603e-11
-2.96651e-11
-3.84731e-11
-2.27903e-11
-5.13738e-12
-9.93978e-12
-1.65976e-11
-2.38947e-11
-3.23835e-11
-3.95822e-11
-1.16377e-11
-6.04344e-12
-1.18173e-11
-1.86025e-11
-2.61657e-11
-3.50453e-11
-3.69124e-11
-6.61399e-12
-7.4272e-12
-1.36165e-11
-2.05372e-11
-2.84222e-11
-3.74642e-11
-2.84978e-11
-5.2614e-12
-8.92982e-12
-1.53255e-11
-2.24106e-11
-3.06586e-11
-3.92144e-11
-1.78355e-11
-5.45705e-12
-1.04167e-11
-1.69441e-11
-2.42284e-11
-3.2851e-11
-3.94618e-11
-1.05194e-11
-6.25592e-12
-1.18359e-11
-1.84752e-11
-2.59921e-11
-3.49472e-11
-3.69977e-11
-6.99281e-12
-7.26555e-12
-1.31675e-11
-1.99212e-11
-2.76986e-11
-3.68528e-11
-3.1177e-11
-5.6609e-12
-8.31764e-12
-1.44044e-11
-2.12827e-11
-2.93396e-11
-3.84157e-11
-2.34832e-11
-5.40069e-12
-9.33672e-12
-1.55437e-11
-2.25585e-11
-3.09017e-11
-3.94197e-11
-1.66381e-11
-5.63608e-12
-1.02876e-11
-1.65841e-11
-2.37451e-11
-3.23666e-11
-3.96087e-11
-1.1919e-11
-6.08427e-12
-1.11533e-11
-1.75244e-11
-2.48371e-11
-3.37127e-11
-3.87719e-11
-9.0641e-12
-6.6035e-12
-1.19252e-11
-1.83625e-11
-2.58278e-11
-3.49171e-11
-3.688e-11
-7.44267e-12
-7.12026e-12
-1.2599e-11
-1.9096e-11
-2.67093e-11
-3.59592e-11
-3.41834e-11
-6.56052e-12
-7.59519e-12
-1.31719e-11
-1.97218e-11
-2.7473e-11
-3.68246e-11
-3.11506e-11
-6.10521e-12
-8.00666e-12
-1.36423e-11
-2.02367e-11
-2.81107e-11
-3.75085e-11
-2.82697e-11
-5.89059e-12
-8.34276e-12
-1.40091e-11
-2.06375e-11
-2.86145e-11
-3.80171e-11
-2.588e-11
-5.80745e-12
-8.5971e-12
-1.42717e-11
-2.0921e-11
-2.89775e-11
-3.83653e-11
-2.41392e-11
-5.79262e-12
-8.76671e-12
-1.443e-11
-2.10851e-11
-2.91942e-11
-3.85718e-11
-2.3084e-11
-5.81124e-12
-8.8509e-12
-1.44842e-11
-2.11282e-11
-2.92604e-11
-3.86521e-11
-2.27012e-11
-5.84721e-12
-8.85074e-12
-1.44354e-11
-2.10497e-11
-2.91736e-11
-3.86122e-11
-2.29739e-11
-5.89842e-12
-8.76886e-12
-1.42852e-11
-2.08504e-11
-2.89331e-11
-3.84454e-11
-2.3898e-11
-5.97514e-12
-8.6095e-12
-1.40362e-11
-2.05323e-11
-2.854e-11
-3.81338e-11
-2.54746e-11
-6.101e-12
-8.37875e-12
-1.36918e-11
-2.00986e-11
-2.79979e-11
-3.7653e-11
-2.76787e-11
-6.31665e-12
-8.0851e-12
-1.32563e-11
-1.9554e-11
-2.73124e-11
-3.69798e-11
-3.04032e-11
-6.68697e-12
-7.74025e-12
-1.27354e-11
-1.89042e-11
-2.64913e-11
-3.60992e-11
-3.33949e-11
-7.31366e-12
-7.36067e-12
-1.21357e-11
-1.81561e-11
-2.55449e-11
-3.50094e-11
-3.6236e-11
-8.35583e-12
-6.97002e-12
-1.14656e-11
-1.73175e-11
-2.44847e-11
-3.37219e-11
-3.84358e-11
-1.00603e-11
-6.60352e-12
-1.07355e-11
-1.63971e-11
-2.33237e-11
-3.22596e-11
-3.96177e-11
-1.27929e-11
-6.31562e-12
-9.95881e-12
-1.54043e-11
-2.20753e-11
-3.06524e-11
-3.96657e-11
-1.70148e-11
-6.19396e-12
-9.15387e-12
-1.43495e-11
-2.07532e-11
-2.89324e-11
-3.87157e-11
-2.30121e-11
-6.38574e-12
-8.34675e-12
-1.32444e-11
-1.93705e-11
-2.71307e-11
-3.70324e-11
-3.01391e-11
-7.14762e-12
-7.57714e-12
-1.21028e-11
-1.79402e-11
-2.52747e-11
-3.48853e-11
-3.63033e-11
-8.93684e-12
-6.90913e-12
-1.09423e-11
-1.64748e-11
-2.33874e-11
-3.24872e-11
-3.94664e-11
-1.25387e-11
-6.45283e-12
-9.78707e-12
-1.49872e-11
-2.14875e-11
-2.9983e-11
-3.94964e-11
-1.89965e-11
-6.40906e-12
-8.67396e-12
-1.34913e-11
-1.95895e-11
-2.74623e-11
-3.7533e-11
-2.82747e-11
-7.16459e-12
-7.66352e-12
-1.20048e-11
-1.77056e-11
-2.49768e-11
-3.46569e-11
-3.66357e-11
-9.48819e-12
-6.86372e-12
-1.05526e-11
-1.58467e-11
-2.2554e-11
-3.14942e-11
-3.98089e-11
-1.48032e-11
-6.4816e-12
-9.17438e-12
-1.40252e-11
-2.02073e-11
-2.83368e-11
-3.84784e-11
-2.45235e-11
-6.94302e-12
-7.93998e-12
-1.22576e-11
-1.79433e-11
-2.53023e-11
-3.51845e-11
-3.53945e-11
-9.17065e-12
-6.98297e-12
-1.05716e-11
-1.57666e-11
-2.24284e-11
-3.14128e-11
-3.9824e-11
-1.50617e-11
-6.57953e-12
-9.01741e-12
-1.36848e-11
-1.972e-11
-2.77241e-11
-3.80206e-11
-2.65016e-11
-7.34707e-12
-7.69411e-12
-1.17148e-11
-1.71709e-11
-2.42811e-11
-3.39824e-11
-3.76318e-11
-1.07355e-11
-6.81097e-12
-9.89368e-12
-1.47762e-11
-2.11068e-11
-2.96769e-11
-3.95452e-11
-1.96271e-11
-6.84641e-12
-8.30233e-12
-1.25403e-11
-1.81838e-11
-2.56621e-11
-3.58381e-11
-3.35985e-11
-8.98292e-12
-7.12077e-12
-1.0489e-11
-1.54896e-11
-2.2031e-11
-3.1019e-11
-3.98741e-11
-1.6063e-11
-6.77575e-12
-8.69342e-12
-1.30134e-11
-1.87568e-11
-2.6473e-11
-3.68909e-11
-3.04909e-11
-8.36685e-12
-7.32664e-12
-1.07706e-11
-1.57955e-11
-2.24307e-11
-3.16432e-11
-3.97406e-11
-1.47821e-11
-6.82144e-12
-8.82858e-12
-1.31185e-11
-1.88569e-11
-2.66414e-11
-3.71665e-11
-2.96026e-11
-8.34768e-12
-7.37389e-12
-1.0732e-11
-1.5682e-11
-2.22705e-11
-3.14884e-11
-3.97799e-11
-1.5158e-11
-6.90265e-12
-8.70927e-12
-1.28591e-11
-1.84765e-11
-2.61372e-11
-3.66736e-11
-3.11103e-11
-8.83443e-12
-7.27636e-12
-1.03903e-11
-1.51603e-11
-2.15532e-11
-3.05385e-11
-3.99006e-11
-1.7245e-11
-7.07653e-12
-8.3697e-12
-1.22607e-11
-1.76387e-11
-2.49834e-11
-3.53299e-11
-3.46078e-11
-1.00705e-11
-7.10878e-12
-9.78681e-12
-1.4267e-11
-2.03235e-11
-2.88331e-11
-3.93264e-11
-2.17023e-11
-7.55284e-12
-7.88266e-12
-1.13726e-11
-1.63985e-11
-2.32578e-11
-3.30766e-11
-3.849e-11
-1.27652e-11
-7.03473e-12
-8.99362e-12
-1.30643e-11
-1.86645e-11
-2.64867e-11
-3.72988e-11
-2.91951e-11
-8.82425e-12
-7.38216e-12
-1.02713e-11
-1.48375e-11
-2.1084e-11
-3.0029e-11
-3.98796e-11
-1.84479e-11
-7.3986e-12
-8.12951e-12
-1.16385e-11
-1.66858e-11
-2.3679e-11
-3.38004e-11
-3.73866e-11
-1.20503e-11
-7.12717e-12
-9.07042e-12
-1.30581e-11
-1.86099e-11
-2.64658e-11
-3.74105e-11
-2.88696e-11
-8.99802e-12
-7.40506e-12
-1.01055e-11
-1.4511e-11
-2.06135e-11
-2.94396e-11
-3.97608e-11
-1.9842e-11
-7.69069e-12
-7.95347e-12
-1.11828e-11
-1.59861e-11
-2.26984e-11
-3.2542e-11
-3.88853e-11
-1.38939e-11
-7.25929e-12
-8.63413e-12
-1.22726e-11
-1.74754e-11
-2.48613e-11
-3.56007e-11
-3.36862e-11
-1.05767e-11
-7.27758e-12
-9.37299e-12
-1.33556e-11
-1.89708e-11
-2.70891e-11
-3.8236e-11
-2.63562e-11
-8.81919e-12
-7.52939e-12
-1.01271e-11
-1.44176e-11
-2.04623e-11
-2.93531e-11
-3.97961e-11
-1.99801e-11
-7.92754e-12
-7.89838e-12
-1.08694e-11
-1.54462e-11
-2.19368e-11
-3.16027e-11
-3.9526e-11
-1.55405e-11
-7.51802e-12
-8.3179e-12
-1.1581e-11
-1.64292e-11
-2.33772e-11
-3.37611e-11
-3.71342e-11
-1.26887e-11
-7.379e-12
-8.74741e-12
-1.22475e-11
-1.7354e-11
-2.47622e-11
-3.57261e-11
-3.32503e-11
-1.08943e-11
-7.38963e-12
-9.16073e-12
-1.28572e-11
-1.82074e-11
-2.60667e-11
-3.73845e-11
-2.90101e-11
-9.76759e-12
-7.47809e-12
-9.54009e-12
-1.33998e-11
-1.89752e-11
-2.72626e-11
-3.864e-11
-2.52643e-11
-9.06101e-12
-7.60009e-12
-9.87288e-12
-1.38659e-11
-1.96431e-11
-2.83209e-11
-3.94503e-11
-2.23318e-11
-8.62196e-12
-7.72758e-12
-1.015e-11
-1.42476e-11
-2.01969e-11
-2.92137e-11
-3.98511e-11
-2.02009e-11
-8.3564e-12
-7.84261e-12
-1.03648e-11
-1.45377e-11
-2.06236e-11
-2.9916e-11
-3.99497e-11
-1.87492e-11
-8.20645e-12
-7.93395e-12
-1.05128e-11
-1.47308e-11
-2.0912e-11
-3.04079e-11
-3.98892e-11
-1.78525e-11
-8.13731e-12
-7.99516e-12
-1.05916e-11
-1.4823e-11
-2.10533e-11
-3.06742e-11
-3.98023e-11
-1.74199e-11
-8.12984e-12
-8.0235e-12
-1.06004e-11
-1.48126e-11
-2.10423e-11
-3.07052e-11
-3.97758e-11
-1.74003e-11
-8.17651e-12
-8.0194e-12
-1.05404e-11
-1.46999e-11
-2.08774e-11
-3.04958e-11
-3.98313e-11
-1.77803e-11
-8.27944e-12
-7.9862e-12
-1.04145e-11
-1.44877e-11
-2.05612e-11
-3.00463e-11
-3.99204e-11
-1.85821e-11
-8.45007e-12
-7.9302e-12
-1.02277e-11
-1.41811e-11
-2.01007e-11
-2.93629e-11
-3.9932e-11
-1.98623e-11
-8.71007e-12
-7.86094e-12
-9.98704e-12
-1.37877e-11
-1.95066e-11
-2.84589e-11
-3.97144e-11
-2.17081e-11
-9.09403e-12
-7.79178e-12
-9.70144e-12
-1.3317e-11
-1.87931e-11
-2.73555e-11
-3.91148e-11
-2.4221e-11
-9.65413e-12
-7.74089e-12
-9.38222e-12
-1.27807e-11
-1.79773e-11
-2.60811e-11
-3.80281e-11
-2.74642e-11
-1.04683e-11
-7.73296e-12
-9.04324e-12
-1.21921e-11
-1.70784e-11
-2.46701e-11
-3.64339e-11
-3.13354e-11
-1.16533e-11
-7.80198e-12
-8.70154e-12
-1.15662e-11
-1.61165e-11
-2.31596e-11
-3.4399e-11
-3.53585e-11
-1.33852e-11
-7.99594e-12
-8.3783e-12
-1.09195e-11
-1.51126e-11
-2.15868e-11
-3.20481e-11
-3.85736e-11
-1.59253e-11
-8.38482e-12
-8.10066e-12
-1.02705e-11
-1.40873e-11
-1.9987e-11
-2.95216e-11
-3.99186e-11
-1.96314e-11
-9.07469e-12
-7.90468e-12
-9.64043e-12
-1.30614e-11
-1.83913e-11
-2.69436e-11
-3.90123e-11
-2.48483e-11
-1.02327e-11
-7.84061e-12
-9.05414e-12
-1.20555e-11
-1.68269e-11
-2.44079e-11
-3.63878e-11
-3.13757e-11
-1.21314e-11
-7.98218e-12
-8.54282e-12
-1.1091e-11
-1.53166e-11
-2.19772e-11
-3.29111e-11
-3.73996e-11
-1.52171e-11
-8.44377e-12
-8.14792e-12
-1.01914e-11
-1.38804e-11
-1.96892e-11
-2.92427e-11
-3.9907e-11
-2.01565e-11
-9.41317e-12
-7.92844e-12
-9.38466e-12
-1.25365e-11
-1.75649e-11
-2.5734e-11
-3.81028e-11
-2.74865e-11
-1.1215e-11
-7.97435e-12
-8.70676e-12
-1.13039e-11
-1.56148e-11
-2.25273e-11
-3.39623e-11
-3.57469e-11
-1.44272e-11
-8.43265e-12
-8.20856e-12
-1.02048e-11
-1.38453e-11
-1.96598e-11
-2.93613e-11
-3.98657e-11
-2.00066e-11
-9.56025e-12
-7.96786e-12
-9.26912e-12
-1.22625e-11
-1.71241e-11
-2.51108e-11
-3.75889e-11
-2.87534e-11
-1.18343e-11
-8.11309e-12
-8.54101e-12
-1.0877e-11
-1.49e-11
-2.14149e-11
-3.24067e-11
-3.77422e-11
-1.61609e-11
-8.87224e-12
-8.0916e-12
-9.7087e-12
-1.29682e-11
-1.82632e-11
-2.71448e-11
-3.94067e-11
-2.39611e-11
-1.06806e-11
-8.04279e-12
-8.79446e-12
-1.13186e-11
-1.55936e-11
-2.26245e-11
-3.44515e-11
-3.47589e-11
-1.44148e-11
-8.61849e-12
-8.20145e-12
-9.95565e-12
-1.33459e-11
-1.88958e-11
-2.83454e-11
-3.98375e-11
-2.17089e-11
-1.02612e-11
-8.05428e-12
-8.90749e-12
-1.14794e-11
-1.58432e-11
-2.31116e-11
-3.53123e-11
-3.32342e-11
-1.3905e-11
-8.59431e-12
-8.24065e-12
-9.97891e-12
-1.3352e-11
-1.89277e-11
-2.85198e-11
-3.98423e-11
-2.14272e-11
-1.03214e-11
-8.09331e-12
-8.86406e-12
-1.13437e-11
-1.56114e-11
-2.27802e-11
-3.49667e-11
-3.37684e-11
-1.43431e-11
-8.75167e-12
-8.2073e-12
-9.7833e-12
-1.29854e-11
-1.83381e-11
-2.7605e-11
-3.96941e-11
-2.29427e-11
-1.08429e-11
-8.17789e-12
-8.68683e-12
-1.09345e-11
-1.49212e-11
-2.16507e-11
-3.33595e-11
-3.61429e-11
-1.58291e-11
-9.15161e-12
-8.14603e-12
-9.40989e-12
-1.2293e-11
-1.71934e-11
-2.56856e-11
-3.86338e-11
-2.65378e-11
-1.20056e-11
-8.39323e-12
-8.43703e-12
-1.03137e-11
-1.38563e-11
-1.98642e-11
-3.04927e-11
-3.90478e-11
-1.88644e-11
-9.97826e-12
-8.15275e-12
-8.93621e-12
-1.13653e-11
-1.56355e-11
-2.30063e-11
-3.56513e-11
-3.24836e-11
-1.42717e-11
-8.91498e-12
-8.21976e-12
-9.57892e-12
-1.25473e-11
-1.76504e-11
-2.66742e-11
-3.93874e-11
-2.44683e-11
-1.16251e-11
-8.39653e-12
-8.47882e-12
-1.03259e-11
-1.38507e-11
-1.99237e-11
-3.082e-11
-3.86746e-11
-1.86446e-11
-1.00834e-11
-8.20204e-12
-8.86157e-12
-1.1151e-11
-1.52697e-11
-2.24735e-11
-3.50941e-11
-3.33278e-11
-1.49399e-11
-9.18186e-12
-8.20703e-12
-9.32415e-12
-1.20347e-11
-1.67983e-11
-2.52984e-11
-3.85435e-11
-2.69214e-11
-1.26118e-11
-8.66578e-12
-8.3363e-12
-9.836e-12
-1.29601e-11
-1.8427e-11
-2.83533e-11
-3.97063e-11
-2.17833e-11
-1.11259e-11
-8.38896e-12
-8.54134e-12
-1.03737e-11
-1.39105e-11
-2.01393e-11
-3.15138e-11
-3.78622e-11
-1.81646e-11
-1.01622e-11
-8.26283e-12
-8.78868e-12
-1.09178e-11
-1.48676e-11
-2.19084e-11
-3.45421e-11
-3.40482e-11
-1.56904e-11
-9.53092e-12
-8.2309e-12
-9.0538e-12
-1.14506e-11
-1.58106e-11
-2.3695e-11
-3.70965e-11
-2.98992e-11
-1.39952e-11
-9.1165e-12
-8.2554e-12
-9.3177e-12
-1.19554e-11
-1.67158e-11
-2.54458e-11
-3.88355e-11
-2.6343e-11
-1.28244e-11
-8.84608e-12
-8.31008e-12
-9.56507e-12
-1.24162e-11
-1.75565e-11
-2.70971e-11
-3.95985e-11
-2.36026e-11
-1.2013e-11
-8.67233e-12
-8.37627e-12
-9.78334e-12
-1.28176e-11
-1.83042e-11
-2.85799e-11
-3.95121e-11
-2.16013e-11
-1.14554e-11
-8.5639e-12
-8.44053e-12
-9.96223e-12
-1.31452e-11
-1.89302e-11
-2.98294e-11
-3.89098e-11
-2.01996e-11
-1.10839e-11
-8.50007e-12
-8.4934e-12
-1.00936e-11
-1.33864e-11
-1.94071e-11
-3.07927e-11
-3.81556e-11
-1.92758e-11
-1.08552e-11
-8.46747e-12
-8.52865e-12
-1.01718e-11
-1.3531e-11
-1.97119e-11
-3.14335e-11
-3.75252e-11
-1.87432e-11
-1.0743e-11
-8.45833e-12
-8.54291e-12
-1.01932e-11
-1.35724e-11
-1.98273e-11
-3.17301e-11
-3.71799e-11
-1.8548e-11
-1.07332e-11
-8.46933e-12
-8.53542e-12
-1.01573e-11
-1.35076e-11
-1.97442e-11
-3.16713e-11
-3.71867e-11
-1.8665e-11
-1.08212e-11
-8.50099e-12
-8.50792e-12
-1.00659e-11
-1.33383e-11
-1.94625e-11
-3.12517e-11
-3.7538e-11
-1.90934e-11
-1.10109e-11
-8.5575e-12
-8.46465e-12
-9.92374e-12
-1.30706e-11
-1.89916e-11
-3.04733e-11
-3.81538e-11
-1.98562e-11
-1.13146e-11
-8.64662e-12
-8.41226e-12
-9.73821e-12
-1.27149e-11
-1.83498e-11
-2.93501e-11
-3.88645e-11
-2.10007e-11
-1.17538e-11
-8.78008e-12
-8.3599e-12
-9.51911e-12
-1.22852e-11
-1.75633e-11
-2.79148e-11
-3.93912e-11
-2.25991e-11
-1.23616e-11
-8.97413e-12
-8.31931e-12
-9.27856e-12
-1.17986e-11
-1.66638e-11
-2.62224e-11
-3.93643e-11
-2.47445e-11
-1.31865e-11
-9.25074e-12
-8.30509e-12
-9.03069e-12
-1.12744e-11
-1.56863e-11
-2.43464e-11
-3.84295e-11
-2.75288e-11
-1.42981e-11
-9.63938e-12
-8.33516e-12
-8.79156e-12
-1.07331e-11
-1.46664e-11
-2.23696e-11
-3.6429e-11
-3.09639e-11
-1.57974e-11
-1.01801e-11
-8.4317e-12
-8.5792e-12
-1.01958e-11
-1.36384e-11
-2.03726e-11
-3.35154e-11
-3.47794e-11
-1.78303e-11
-1.09287e-11
-8.62257e-12
-8.41391e-12
-9.68386e-12
-1.26337e-11
-1.84254e-11
-3.00682e-11
-3.80859e-11
-2.06012e-11
-1.19646e-11
-8.94389e-12
-8.31902e-12
-9.21897e-12
-1.16803e-11
-1.6582e-11
-2.64939e-11
-3.93455e-11
-2.43647e-11
-1.34054e-11
-9.44417e-12
-8.32227e-12
-8.82341e-12
-1.08026e-11
-1.48811e-11
-2.30883e-11
-3.75059e-11
-2.92889e-11
-1.54291e-11
-1.01915e-11
-8.45817e-12
-8.52105e-12
-1.00222e-11
-1.33476e-11
-2.00115e-11
-3.32809e-11
-3.48886e-11
-1.83084e-11
-1.12858e-11
-8.77198e-12
-8.33901e-12
-9.35949e-12
-1.19971e-11
-1.73241e-11
-2.82927e-11
-3.89042e-11
-2.24361e-11
-1.28808e-11
-9.32651e-12
-8.31032e-12
-8.83499e-12
-1.08391e-11
-1.50301e-11
-2.36371e-11
-3.81361e-11
-2.81959e-11
-1.52224e-11
-1.0214e-11
-8.4782e-12
-8.47203e-12
-9.88105e-12
-1.31087e-11
-1.96989e-11
-3.30345e-11
-3.50342e-11
-1.87094e-11
-1.1578e-11
-8.9033e-12
-8.30003e-12
-9.1316e-12
-1.15321e-11
-1.65037e-11
-2.69121e-11
-3.91661e-11
-2.39304e-11
-1.36535e-11
-9.67641e-12
-8.3596e-12
-8.60393e-12
-1.02754e-11
-1.39629e-11
-2.16287e-11
-3.61758e-11
-3.12424e-11
-1.68412e-11
-1.09419e-11
-8.71081e-12
-8.32001e-12
-9.32164e-12
-1.19751e-11
-1.75098e-11
-2.91974e-11
-3.81727e-11
-2.1807e-11
-1.29434e-11
-9.44785e-12
-8.31641e-12
-8.66554e-12
-1.04573e-11
-1.43958e-11
-2.27174e-11
-3.75225e-11
-2.92855e-11
-1.61123e-11
-1.07267e-11
-8.65425e-12
-8.31734e-12
-9.35187e-12
-1.20747e-11
-1.7826e-11
-3.00546e-11
-3.74808e-11
-2.12104e-11
-1.2821e-11
-9.43706e-12
-8.30909e-12
-8.62774e-12
-1.03822e-11
-1.43026e-11
-2.26929e-11
-3.75858e-11
-2.91843e-11
-1.62356e-11
-1.08463e-11
-8.70646e-12
-8.28145e-12
-9.21059e-12
-1.17983e-11
-1.73504e-11
-2.93208e-11
-3.7869e-11
-2.18967e-11
-1.32157e-11
-9.63215e-12
-8.34312e-12
-8.50116e-12
-1.00596e-11
-1.36808e-11
-2.15099e-11
-3.64356e-11
-3.08461e-11
-1.71898e-11
-1.13152e-11
-8.89102e-12
-8.24027e-12
-8.93138e-12
-1.1191e-11
-1.61533e-11
-2.70337e-11
-3.88143e-11
-2.39599e-11
-1.42001e-11
-1.00848e-11
-8.46423e-12
-8.3353e-12
-9.55512e-12
-1.26406e-11
-1.93807e-11
-3.34964e-11
-3.41701e-11
-1.91815e-11
-1.22406e-11
-9.27983e-12
-8.25832e-12
-8.58982e-12
-1.0368e-11
-1.44614e-11
-2.35292e-11
-3.83331e-11
-2.77783e-11
-1.60068e-11
-1.09167e-11
-8.75933e-12
-8.21471e-12
-8.97929e-12
-1.13737e-11
-1.67201e-11
-2.85984e-11
-3.80064e-11
-2.27074e-11
-1.3855e-11
-1.00034e-11
-8.43685e-12
-8.29431e-12
-9.48686e-12
-1.25807e-11
-1.94857e-11
-3.39698e-11
-3.3591e-11
-1.91253e-11
-1.2355e-11
-9.3665e-12
-8.25617e-12
-8.4691e-12
-1.00995e-11
-1.39981e-11
-2.27983e-11
-3.79218e-11
-2.85804e-11
-1.66153e-11
-1.12842e-11
-8.92204e-12
-8.17848e-12
-8.71732e-12
-1.08049e-11
-1.56312e-11
-2.66028e-11
-3.8638e-11
-2.44901e-11
-1.48264e-11
-1.05064e-11
-8.61447e-12
-8.17533e-12
-9.02037e-12
-1.15895e-11
-1.74743e-11
-3.06418e-11
-3.64228e-11
-2.14363e-11
-1.35265e-11
-9.93455e-12
-8.40534e-12
-8.22462e-12
-9.36098e-12
-1.24358e-11
-1.95025e-11
-3.43773e-11
-3.30634e-11
-1.91967e-11
-1.25674e-11
-9.51132e-12
-8.26691e-12
-8.30817e-12
-9.72193e-12
-1.33211e-11
-2.16627e-11
-3.71237e-11
-2.98318e-11
-1.7551e-11
-1.18528e-11
-9.19736e-12
-8.17839e-12
-8.41038e-12
-1.00854e-11
-1.42162e-11
-2.38684e-11
-3.846e-11
-2.71699e-11
-1.63374e-11
-1.13194e-11
-8.96502e-12
-8.12381e-12
-8.51752e-12
-1.0433e-11
-1.50854e-11
-2.60038e-11
-3.85213e-11
-2.51163e-11
-1.54448e-11
-1.0924e-11
-8.79453e-12
-8.09075e-12
-8.61742e-12
-1.07458e-11
-1.58873e-11
-2.79405e-11
-3.78112e-11
-2.3591e-11
-1.47982e-11
-1.06373e-11
-8.67177e-12
-8.06962e-12
-8.69955e-12
-1.10053e-11
-1.65779e-11
-2.95634e-11
-3.68367e-11
-2.25019e-11
-1.43475e-11
-1.04394e-11
-8.58684e-12
-8.05333e-12
-8.75529e-12
-1.1195e-11
-1.71142e-11
-3.07928e-11
-3.59355e-11
-2.17745e-11
-1.40591e-11
-1.0317e-11
-8.53323e-12
-8.03711e-12
-8.77826e-12
-1.1301e-11
-1.74587e-11
-3.15904e-11
-3.52843e-11
-2.13561e-11
-1.39121e-11
-1.0262e-11
-8.5073e-12
-8.01847e-12
-8.76476e-12
-1.13141e-11
-1.75838e-11
-3.1947e-11
-3.49588e-11
-2.12135e-11
-1.38945e-11
-1.02706e-11
-8.50794e-12
-7.99713e-12
-8.71403e-12
-1.12305e-11
-1.7475e-11
-3.18631e-11
-3.49797e-11
-2.13303e-11
-1.40017e-11
-1.03423e-11
-8.53639e-12
-7.97507e-12
-8.62848e-12
-1.10527e-11
-1.71333e-11
-3.13342e-11
-3.53346e-11
-2.17045e-11
-1.42359e-11
-1.04803e-11
-8.59607e-12
-7.9564e-12
-8.51357e-12
-1.07893e-11
-1.65754e-11
-3.03517e-11
-3.59778e-11
-2.2348e-11
-1.46053e-11
-1.06906e-11
-8.69256e-12
-7.94724e-12
-8.37762e-12
-1.04546e-11
-1.58321e-11
-2.89178e-11
-3.68106e-11
-2.32859e-11
-1.51253e-11
-1.09828e-11
-8.83357e-12
-7.95564e-12
-8.23137e-12
-1.00675e-11
-1.49459e-11
-2.70673e-11
-3.76409e-11
-2.45566e-11
-1.58187e-11
-1.13701e-11
-9.02904e-12
-7.99136e-12
-8.0875e-12
-9.64976e-12
-1.39661e-11
-2.48827e-11
-3.81335e-11
-2.62095e-11
-1.67182e-11
-1.18705e-11
-9.29138e-12
-8.06583e-12
-7.96004e-12
-9.22453e-12
-1.29441e-11
-2.24897e-11
-3.7805e-11
-2.82942e-11
-1.78694e-11
-1.25074e-11
-9.63588e-12
-8.19207e-12
-7.86397e-12
-8.81506e-12
-1.19287e-11
-2.00344e-11
-3.61722e-11
-3.08268e-11
-1.93344e-11
-1.33123e-11
-1.00814e-11
-8.38492e-12
-7.81487e-12
-8.44349e-12
-1.09626e-11
-1.76541e-11
-3.30862e-11
-3.36938e-11
-2.11972e-11
-1.43272e-11
-1.06516e-11
-8.66136e-12
-7.82886e-12
-8.13034e-12
-1.00809e-11
-1.54547e-11
-2.89528e-11
-3.64306e-11
-2.35661e-11
-1.56093e-11
-1.13767e-11
-9.04126e-12
-7.92277e-12
-7.89429e-12
-9.3103e-12
-1.35041e-11
-2.44996e-11
-3.7911e-11
-2.65614e-11
-1.72382e-11
-1.22965e-11
-9.54855e-12
-8.11469e-12
-7.75256e-12
-8.67051e-12
-1.18355e-11
-2.03429e-11
-3.65738e-11
-3.02406e-11
-1.93254e-11
-1.34648e-11
-1.02132e-11
-8.42482e-12
-7.72153e-12
-8.17563e-12
-1.04575e-11
-1.67979e-11
-3.20484e-11
-3.43161e-11
-2.20244e-11
-1.49568e-11
-1.1074e-11
-8.87695e-12
-7.81789e-12
-7.8362e-12
-9.36368e-12
-1.39395e-11
-2.6055e-11
-3.74253e-11
-2.55243e-11
-1.68804e-11
-1.21837e-11
-9.50068e-12
-8.06002e-12
-7.66126e-12
-8.54087e-12
-1.17219e-11
-2.04847e-11
-3.67231e-11
-2.9946e-11
-1.9393e-11
-1.36165e-11
-1.03348e-11
-8.46995e-12
-7.66037e-12
-7.97459e-12
-1.00598e-11
-1.60865e-11
-3.10923e-11
-3.48236e-11
-2.27173e-11
-1.54811e-11
-1.14326e-11
-9.07612e-12
-7.84583e-12
-7.65289e-12
-8.86811e-12
-1.28588e-11
-2.38231e-11
-3.7633e-11
-2.7112e-11
-1.79404e-11
-1.28707e-11
-9.91735e-12
-8.23511e-12
-7.56888e-12
-8.07618e-12
-1.05832e-11
-1.78121e-11
-3.41415e-11
-3.25406e-11
-2.12392e-11
-1.4764e-11
-1.10492e-11
-8.85416e-12
-7.72283e-12
-7.63164e-12
-9.04261e-12
-1.35803e-11
-2.59947e-11
-3.71213e-11
-2.57057e-11
-1.72897e-11
-1.25545e-11
-9.74214e-12
-8.12448e-12
-7.49997e-12
-8.07302e-12
-1.07722e-11
-1.86433e-11
-3.52604e-11
-3.14833e-11
-2.07243e-11
-1.45611e-11
-1.09591e-11
-8.79637e-12
-7.66381e-12
-7.5625e-12
-8.98625e-12
-1.36544e-11
-2.65145e-11
-3.68213e-11
-2.54585e-11
-1.7273e-11
-1.2599e-11
-9.77928e-12
-8.12329e-12
-7.44084e-12
-7.93789e-12
-1.05401e-11
-1.83004e-11
-3.49832e-11
-3.1683e-11
-2.1018e-11
-1.48128e-11
-1.11416e-11
-8.89838e-12
-7.67104e-12
-7.4477e-12
-8.68833e-12
-1.30132e-11
-2.52564e-11
-3.70578e-11
-2.62598e-11
-1.78497e-11
-1.29967e-11
-1.0035e-11
-8.24501e-12
-7.41059e-12
-7.696e-12
-9.91987e-12
-1.68178e-11
-3.32153e-11
-3.30468e-11
-2.21179e-11
-1.55341e-11
-1.16171e-11
-9.18417e-12
-7.77419e-12
-7.32818e-12
-8.21619e-12
-1.17961e-11
-2.23735e-11
-3.71715e-11
-2.81476e-11
-1.90772e-11
-1.37908e-11
-1.05466e-11
-8.52826e-12
-7.45726e-12
-7.42133e-12
-9.05908e-12
-1.45471e-11
-2.93642e-11
-3.52765e-11
-2.41521e-11
-1.68103e-11
-1.24444e-11
-9.70387e-12
-8.0266e-12
-7.27592e-12
-7.69643e-12
-1.02981e-11
-1.8436e-11
-3.5297e-11
-3.12113e-11
-2.11182e-11
-1.50797e-11
-1.13837e-11
-9.03465e-12
-7.651e-12
-7.21861e-12
-8.16715e-12
-1.20297e-11
-2.35732e-11
-3.70063e-11
-2.73692e-11
-1.88151e-11
-1.37292e-11
-1.05354e-11
-8.50147e-12
-7.38113e-12
-7.278e-12
-8.8528e-12
-1.43649e-11
-2.94226e-11
-3.5076e-11
-2.42715e-11
-1.70395e-11
-1.26567e-11
-9.8498e-12
-8.07727e-12
-7.20149e-12
-7.44903e-12
-9.7759e-12
-1.73977e-11
-3.43586e-11
-3.19474e-11
-2.18574e-11
-1.56477e-11
-1.17935e-11
-9.29173e-12
-7.74175e-12
-7.09945e-12
-7.72709e-12
-1.09581e-11
-2.11304e-11
-3.66866e-11
-2.89456e-11
-1.99768e-11
-1.45416e-11
-1.10921e-11
-8.83559e-12
-7.47895e-12
-7.06378e-12
-8.10623e-12
-1.24131e-11
-2.53484e-11
-3.64262e-11
-2.64312e-11
-1.8501e-11
-1.36538e-11
-1.05189e-11
-8.46211e-12
-7.27575e-12
-7.08357e-12
-8.57732e-12
-1.4137e-11
-2.953e-11
-3.47963e-11
-2.44137e-11
-1.73344e-11
-1.29374e-11
-1.00493e-11
-8.1564e-12
-7.12088e-12
-7.14748e-12
-9.12611e-12
-1.60956e-11
-3.29808e-11
-3.28073e-11
-2.2818e-11
-1.64091e-11
-1.23588e-11
-9.66522e-12
-7.90667e-12
-7.00428e-12
-7.2432e-12
-9.73167e-12
-1.82145e-11
-3.52274e-11
-3.09409e-11
-2.1565e-11
-1.56766e-11
-1.18939e-11
-9.35301e-12
-7.70348e-12
-6.91681e-12
-7.3573e-12
-1.03655e-11
-2.03782e-11
-3.62791e-11
-2.93603e-11
-2.05901e-11
-1.51023e-11
-1.1525e-11
-9.10235e-12
-7.53917e-12
-6.85012e-12
-7.47539e-12
-1.09918e-11
-2.24441e-11
-3.64834e-11
-2.80937e-11
-1.98443e-11
-1.46613e-11
-1.12393e-11
-8.90551e-12
-7.40769e-12
-6.79674e-12
-7.58268e-12
-1.15693e-11
-2.42705e-11
-3.62367e-11
-2.71231e-11
-1.92915e-11
-1.43358e-11
-1.10275e-11
-8.75686e-12
-7.3044e-12
-6.75031e-12
-7.66493e-12
-1.20547e-11
-2.5746e-11
-3.58329e-11
-2.64199e-11
-1.8906e-11
-1.41131e-11
-1.08832e-11
-8.65253e-12
-7.22603e-12
-6.70585e-12
-7.70964e-12
-1.24073e-11
-2.68034e-11
-3.54485e-11
-2.59577e-11
-1.86696e-11
-1.39848e-11
-1.08019e-11
-8.59017e-12
-7.17072e-12
-6.66014e-12
-7.70733e-12
-1.25934e-11
-2.74158e-11
-3.51754e-11
-2.57155e-11
-1.85704e-11
-1.39455e-11
-1.07815e-11
-8.56882e-12
-7.13799e-12
-6.612e-12
-7.65269e-12
-1.25913e-11
-2.75785e-11
-3.50525e-11
-2.56792e-11
-1.86013e-11
-1.39923e-11
-1.08211e-11
-8.58881e-12
-7.12872e-12
-6.56242e-12
-7.54543e-12
-1.23936e-11
-2.72923e-11
-3.50852e-11
-2.58404e-11
-1.87593e-11
-1.41247e-11
-1.09215e-11
-8.65162e-12
-7.14514e-12
-6.51459e-12
-7.39052e-12
-1.20088e-11
-2.65561e-11
-3.5252e-11
-2.61966e-11
-1.90452e-11
-1.43445e-11
-1.10847e-11
-8.7598e-12
-7.19068e-12
-6.47379e-12
-7.1979e-12
-1.14606e-11
-2.53713e-11
-3.55017e-11
-2.67495e-11
-1.94631e-11
-1.46551e-11
-1.13139e-11
-8.91693e-12
-7.26985e-12
-6.44702e-12
-6.9816e-12
-1.07856e-11
-2.37575e-11
-3.57403e-11
-2.75041e-11
-2.00209e-11
-1.50622e-11
-1.1614e-11
-9.1275e-12
-7.38809e-12
-6.44258e-12
-6.75849e-12
-1.00291e-11
-2.17706e-11
-3.58102e-11
-2.84663e-11
-2.07299e-11
-1.55736e-11
-1.19907e-11
-9.39693e-12
-7.55157e-12
-6.46966e-12
-6.54684e-12
-9.24023e-12
-1.95131e-11
-3.54667e-11
-2.96372e-11
-2.16056e-11
-1.61998e-11
-1.24514e-11
-9.73152e-12
-7.76707e-12
-6.53781e-12
-6.3649e-12
-8.46705e-12
-1.71267e-11
-3.43819e-11
-3.10024e-11
-2.26677e-11
-1.6954e-11
-1.30053e-11
-1.01385e-11
-8.04186e-12
-6.65657e-12
-6.22976e-12
-7.75199e-12
-1.47675e-11
-3.22289e-11
-3.25065e-11
-2.394e-11
-1.78531e-11
-1.36633e-11
-1.06263e-11
-8.38367e-12
-6.83529e-12
-6.1566e-12
-7.12936e-12
-1.2575e-11
-2.88864e-11
-3.40007e-11
-2.54488e-11
-1.89184e-11
-1.44392e-11
-1.12046e-11
-8.80076e-12
-7.0829e-12
-6.15832e-12
-6.62427e-12
-1.06502e-11
-2.46382e-11
-3.51446e-11
-2.7217e-11
-2.01768e-11
-1.53498e-11
-1.18848e-11
-9.30209e-12
-7.40804e-12
-6.24553e-12
-6.25313e-12
-9.04868e-12
-2.01081e-11
-3.52781e-11
-2.9247e-11
-2.16613e-11
-1.64162e-11
-1.26805e-11
-9.89759e-12
-7.81923e-12
-6.42687e-12
-6.02512e-12
-7.78709e-12
-1.59268e-11
-3.34667e-11
-3.14734e-11
-2.34112e-11
-1.76651e-11
-1.36083e-11
-1.05986e-11
-8.32514e-12
-6.70954e-12
-5.94405e-12
-6.85557e-12
-1.24686e-11
-2.91743e-11
-3.36424e-11
-2.54677e-11
-1.91304e-11
-1.4689e-11
-1.14186e-11
-8.93512e-12
-7.0999e-12
-6.01031e-12
-6.22968e-12
-9.83246e-12
-2.32319e-11
-3.50515e-11
-2.78566e-11
-2.08547e-11
-1.5949e-11
-1.23738e-11
-9.65977e-12
-7.60418e-12
-6.22259e-12
-5.87958e-12
-7.95422e-12
-1.73568e-11
-3.42661e-11
-3.05312e-11
-2.28898e-11
-1.74221e-11
-1.34848e-11
-1.05117e-11
-8.22928e-12
-6.57928e-12
-5.77587e-12
-6.71158e-12
-1.26838e-11
-2.98423e-11
-3.31967e-11
-2.52908e-11
-1.91524e-11
-1.47777e-11
-1.15067e-11
-8.98363e-12
-7.0797e-12
-5.89271e-12
-5.98117e-12
-9.42308e-12
-2.27231e-11
-3.48663e-11
-2.80867e-11
-2.11959e-11
-1.6287e-11
-1.26648e-11
-9.87809e-12
-7.72504e-12
-6.20938e-12
-5.66002e-12
-7.34425e-12
-1.58817e-11
-3.33496e-11
-3.11712e-11
-2.36197e-11
-1.80581e-11
-1.40125e-11
-1.09272e-11
-8.5193e-12
-6.71082e-12
-5.66948e-12
-6.14799e-12
-1.09635e-11
-2.70007e-11
-3.3938e-11
-2.64852e-11
-2.01506e-11
-1.55854e-11
-1.21508e-11
-9.47026e-12
-7.38784e-12
-5.95267e-12
-5.59263e-12
-7.92961e-12
-1.86464e-11
-3.44103e-11
-2.97672e-11
-2.264e-11
-1.74313e-11
-1.3576e-11
-1.05907e-11
-8.23736e-12
-6.47055e-12
-5.50862e-12
-6.26067e-12
-1.21502e-11
-2.94235e-11
-3.30396e-11
-2.56048e-11
-1.96148e-11
-1.52402e-11
-1.19001e-11
-9.26275e-12
-7.19858e-12
-5.78359e-12
-5.50963e-12
-8.24438e-12
-2.02736e-11
-3.44939e-11
-2.9055e-11
-2.22193e-11
-1.71954e-11
-1.34269e-11
-1.04747e-11
-8.12424e-12
-6.34578e-12
-5.38086e-12
-6.21676e-12
-1.25926e-11
-3.02032e-11
-3.26086e-11
-2.53359e-11
-1.95128e-11
-1.52118e-11
-1.18927e-11
-9.24585e-12
-7.15188e-12
-5.69302e-12
-5.37445e-12
-8.12806e-12
-2.0414e-11
-3.43444e-11
-2.89812e-11
-2.22863e-11
-1.7313e-11
-1.35477e-11
-1.05724e-11
-8.17937e-12
-6.33823e-12
-5.28224e-12
-5.97503e-12
-1.20998e-11
-2.96374e-11
-3.26972e-11
-2.56157e-11
-1.98114e-11
-1.54859e-11
-1.21246e-11
-9.4222e-12
-7.2551e-12
-5.69156e-12
-5.19595e-12
-7.56156e-12
-1.90183e-11
-3.40465e-11
-2.94917e-11
-2.28132e-11
-1.77743e-11
-1.39379e-11
-1.08891e-11
-8.41307e-12
-6.4642e-12
-5.23852e-12
-5.58086e-12
-1.07572e-11
-2.76326e-11
-3.31969e-11
-2.64205e-11
-2.05075e-11
-1.60667e-11
-1.26044e-11
-9.80424e-12
-7.52637e-12
-5.80827e-12
-5.03036e-12
-6.68583e-12
-1.62842e-11
-3.31522e-11
-3.05298e-11
-2.38052e-11
-1.85913e-11
-1.46108e-11
-1.144e-11
-8.84432e-12
-6.75147e-12
-5.29983e-12
-5.15374e-12
-8.90562e-12
-2.38702e-11
-3.37805e-11
-2.77486e-11
-2.16236e-11
-1.69751e-11
-1.33513e-11
-1.04124e-11
-7.99165e-12
-6.08445e-12
-4.96437e-12
-5.7472e-12
-1.27551e-11
-3.06234e-11
-3.19628e-11
-2.52918e-11
-1.9796e-11
-1.55926e-11
-1.22486e-11
-9.49849e-12
-7.23439e-12
-5.52754e-12
-4.84378e-12
-7.0208e-12
-1.85104e-11
-3.35759e-11
-2.95798e-11
-2.3205e-11
-1.82486e-11
-1.43951e-11
-1.12738e-11
-8.68149e-12
-6.56519e-12
-5.08907e-12
-5.00129e-12
-9.26253e-12
-2.52621e-11
-3.33362e-11
-2.73081e-11
-2.14417e-11
-1.69239e-11
-1.33473e-11
-1.0406e-11
-7.94915e-12
-5.98025e-12
-4.7838e-12
-5.5272e-12
-1.27735e-11
-3.06583e-11
-3.17348e-11
-2.53136e-11
-1.99446e-11
-1.57785e-11
-1.24229e-11
-9.62909e-12
-7.29257e-12
-5.4787e-12
-4.63343e-12
-6.54244e-12
-1.76176e-11
-3.31642e-11
-2.98203e-11
-2.36034e-11
-1.86641e-11
-1.47798e-11
-1.16024e-11
-8.93125e-12
-6.70532e-12
-5.06205e-12
-4.66695e-12
-8.19211e-12
-2.31881e-11
-3.33526e-11
-2.79898e-11
-2.21438e-11
-1.75612e-11
-1.39036e-11
-1.08707e-11
-8.30329e-12
-6.18273e-12
-4.73367e-12
-4.92031e-12
-1.06125e-11
-2.81599e-11
-3.2395e-11
-2.63593e-11
-2.08965e-11
-1.66058e-11
-1.31314e-11
-1.02166e-11
-7.7381e-12
-5.72135e-12
-4.49813e-12
-5.43451e-12
-1.38505e-11
-3.14179e-11
-3.1049e-11
-2.49446e-11
-1.98275e-11
-1.5775e-11
-1.24491e-11
-9.63111e-12
-7.23006e-12
-5.31845e-12
-4.36039e-12
-6.25072e-12
-1.77435e-11
-3.287e-11
-2.96661e-11
-2.373e-11
-1.89095e-11
-1.50512e-11
-1.18459e-11
-9.10738e-12
-6.77461e-12
-4.97158e-12
-4.32463e-12
-7.40109e-12
-2.18519e-11
-3.30823e-11
-2.83849e-11
-2.26921e-11
-1.81207e-11
-1.44207e-11
-1.13132e-11
-8.63992e-12
-6.36793e-12
-4.67811e-12
-4.39285e-12
-8.89479e-12
-2.55863e-11
-3.26394e-11
-2.72507e-11
-2.18085e-11
-1.74441e-11
-1.3873e-11
-1.08446e-11
-8.22438e-12
-6.0067e-12
-4.43486e-12
-4.56304e-12
-1.07019e-11
-2.84984e-11
-3.19217e-11
-2.62705e-11
-2.10599e-11
-1.68664e-11
-1.34e-11
-1.04348e-11
-7.85728e-12
-5.68787e-12
-4.23775e-12
-4.82743e-12
-1.27421e-11
-3.04648e-11
-3.11357e-11
-2.54373e-11
-2.04302e-11
-1.63773e-11
-1.29953e-11
-1.008e-11
-7.5358e-12
-5.40861e-12
-4.08153e-12
-5.17093e-12
-1.48884e-11
-3.16236e-11
-3.03838e-11
-2.47397e-11
-1.99068e-11
-1.59685e-11
-1.2654e-11
-9.7771e-12
-7.25775e-12
-5.16621e-12
-3.95976e-12
-5.57037e-12
-1.69891e-11
-3.22076e-11
-2.97129e-11
-2.41658e-11
-1.94794e-11
-1.56339e-11
-1.23723e-11
-9.52372e-12
-7.0214e-12
-4.95811e-12
-3.86487e-12
-5.99501e-12
-1.89013e-11
-3.24305e-11
-2.91425e-11
-2.37052e-11
-1.91398e-11
-1.53686e-11
-1.21474e-11
-9.31825e-12
-6.82548e-12
-4.78201e-12
-3.78863e-12
-6.40853e-12
-2.05197e-11
-3.24495e-11
-2.86784e-11
-2.33486e-11
-1.88819e-11
-1.51687e-11
-1.19772e-11
-9.15955e-12
-6.66917e-12
-4.63594e-12
-3.7227e-12
-6.77234e-12
-2.17865e-11
-3.23685e-11
-2.83203e-11
-2.30886e-11
-1.87007e-11
-1.50315e-11
-1.18602e-11
-9.04697e-12
-6.55207e-12
-4.51849e-12
-3.65948e-12
-7.04963e-12
-2.26847e-11
-3.22508e-11
-2.80649e-11
-2.29192e-11
-1.85924e-11
-1.4955e-11
-1.17954e-11
-8.98025e-12
-6.47423e-12
-4.42894e-12
-3.59294e-12
-7.20942e-12
-2.32214e-11
-3.21325e-11
-2.79082e-11
-2.28356e-11
-1.85542e-11
-1.49376e-11
-1.17824e-11
-8.95949e-12
-6.43612e-12
-4.3674e-12
-3.5195e-12
-7.22994e-12
-2.34115e-11
-3.20311e-11
-2.78457e-11
-2.28341e-11
-1.8584e-11
-1.49784e-11
-1.18209e-11
-8.98512e-12
-6.43863e-12
-4.33492e-12
-3.43862e-12
-7.10092e-12
-2.32664e-11
-3.19506e-11
-2.78731e-11
-2.2912e-11
-1.86805e-11
-1.5077e-11
-1.19111e-11
-9.05781e-12
-6.48302e-12
-4.3335e-12
-3.3531e-12
-6.82476e-12
-2.27888e-11
-3.18843e-11
-2.79859e-11
-2.30672e-11
-1.88428e-11
-1.52332e-11
-1.20533e-11
-9.17844e-12
-6.57086e-12
-4.36599e-12
-3.269e-12
-6.41657e-12
-2.19729e-11
-3.18147e-11
-2.81795e-11
-2.32984e-11
-1.90706e-11
-1.54472e-11
-1.22482e-11
-9.34807e-12
-6.70399e-12
-4.43596e-12
-3.1952e-12
-5.90307e-12
-2.08098e-11
-3.17122e-11
-2.84484e-11
-2.36044e-11
-1.93639e-11
-1.57195e-11
-1.24964e-11
-9.56786e-12
-6.88437e-12
-4.54744e-12
-3.14257e-12
-5.32038e-12
-1.92976e-11
-3.15315e-11
-2.87854e-11
-2.39847e-11
-1.97232e-11
-1.60506e-11
-1.2799e-11
-9.83905e-12
-7.11403e-12
-4.70466e-12
-3.12302e-12
-4.71073e-12
-1.74552e-11
-3.12057e-11
-2.91804e-11
-2.44385e-11
-2.01492e-11
-1.64417e-11
-1.31568e-11
-1.01629e-11
-7.39496e-12
-4.9118e-12
-3.14845e-12
-4.11834e-12
-1.53366e-11
-3.06406e-11
-2.96183e-11
-2.4965e-11
-2.06428e-11
-1.68937e-11
-1.35711e-11
-1.05407e-11
-7.72904e-12
-5.17271e-12
-3.22987e-12
-3.58515e-12
-1.3039e-11
-2.97082e-11
-3.00751e-11
-2.55624e-11
-2.12052e-11
-1.74081e-11
-1.4043e-11
-1.09736e-11
-8.11796e-12
-5.49073e-12
-3.3766e-12
-3.14705e-12
-1.0698e-11
-2.82504e-11
-3.05124e-11
-2.62274e-11
-2.18377e-11
-1.79864e-11
-1.45739e-11
-1.1463e-11
-8.56322e-12
-5.86859e-12
-3.59589e-12
-2.83131e-12
-8.46693e-12
-2.61035e-11
-3.0868e-11
-2.69537e-11
-2.25411e-11
-1.86302e-11
-1.51653e-11
-1.201e-11
-9.0661e-12
-6.30833e-12
-3.89275e-12
-2.65563e-12
-6.48688e-12
-2.31639e-11
-3.104e-11
-2.77293e-11
-2.33162e-11
-1.93415e-11
-1.58188e-11
-1.26159e-11
-9.62766e-12
-6.81131e-12
-4.27e-12
-2.62854e-12
-4.85996e-12
-1.94907e-11
-3.08647e-11
-2.85323e-11
-2.41623e-11
-2.01223e-11
-1.65361e-11
-1.3282e-11
-1.02488e-11
-7.37832e-12
-4.72858e-12
-2.75082e-12
-3.63734e-12
-1.53835e-11
-3.00904e-11
-2.93228e-11
-2.50765e-11
-2.09743e-11
-1.73192e-11
-1.40097e-11
-1.09305e-11
-8.00967e-12
-5.26789e-12
-3.01754e-12
-2.82343e-12
-1.13311e-11
-2.83711e-11
-3.00283e-11
-2.60516e-11
-2.18991e-11
-1.81702e-11
-1.48005e-11
-1.16733e-11
-8.70531e-12
-5.88622e-12
-3.41999e-12
-2.38967e-12
-7.81922e-12
-2.53495e-11
-3.05176e-11
-2.70717e-11
-2.28972e-11
-1.90915e-11
-1.56562e-11
-1.24783e-11
-9.46503e-12
-6.58118e-12
-3.94751e-12
-2.29005e-12
-5.14272e-12
-2.09222e-11
-3.05565e-11
-2.81048e-11
-2.39668e-11
-2.00851e-11
-1.65787e-11
-1.33464e-11
-1.02886e-11
-7.35001e-12
-4.58876e-12
-2.47342e-12
-3.36055e-12
-1.55857e-11
-2.97481e-11
-2.90871e-11
-2.51018e-11
-2.11528e-11
-1.75702e-11
-1.4279e-11
-1.11758e-11
-8.18998e-12
-5.33279e-12
-2.89105e-12
-2.37356e-12
-1.03834e-11
-2.75142e-11
-2.98939e-11
-2.62867e-11
-2.22954e-11
-1.8633e-11
-1.52774e-11
-1.21268e-11
-9.09854e-12
-6.16957e-12
-3.50035e-12
-2.0233e-12
-6.26803e-12
-2.33186e-11
-3.0282e-11
-2.74877e-11
-2.35108e-11
-1.97695e-11
-1.63436e-11
-1.31419e-11
-1.00736e-11
-7.0904e-12
-4.26606e-12
-2.15466e-12
-3.59345e-12
-1.73548e-11
-2.97952e-11
-2.86334e-11
-2.47912e-11
-2.09812e-11
-1.74799e-11
-1.42222e-11
-1.11137e-11
-8.08804e-12
-5.16004e-12
-2.64065e-12
-2.20822e-12
-1.10403e-11
-2.76799e-11
-2.95741e-11
-2.61164e-11
-2.2268e-11
-1.86884e-11
-1.53689e-11
-1.22179e-11
-9.15679e-12
-6.16047e-12
-3.38577e-12
-1.78445e-12
-6.06353e-12
-2.31188e-11
-3e-11
-2.74405e-11
-2.36259e-11
-1.99714e-11
-1.65839e-11
-1.33863e-11
-1.02924e-11
-7.25085e-12
-4.32138e-12
-2.01947e-12
-3.07463e-12
-1.6313e-11
-2.92951e-11
-2.86613e-11
-2.50415e-11
-2.13296e-11
-1.78695e-11
-1.46194e-11
-1.14922e-11
-8.41907e-12
-5.39932e-12
-2.69162e-12
-1.77477e-12
-9.3559e-12
-2.6426e-11
-2.95545e-11
-2.64812e-11
-2.27607e-11
-1.92278e-11
-1.59187e-11
-1.27546e-11
-9.65664e-12
-6.5864e-12
-3.65294e-12
-1.61916e-12
-4.45581e-12
-2.04877e-11
-2.96337e-11
-2.78664e-11
-2.42546e-11
-2.066e-11
-1.72862e-11
-1.40796e-11
-1.0958e-11
-7.86015e-12
-4.80834e-12
-2.17164e-12
-2.02776e-12
-1.25826e-11
-2.79267e-11
-2.90166e-11
-2.57835e-11
-2.21647e-11
-1.8724e-11
-1.54681e-11
-1.232e-11
-9.2058e-12
-6.09774e-12
-3.15129e-12
-1.38424e-12
-5.95054e-12
-2.30511e-11
-2.95183e-11
-2.72795e-11
-2.37329e-11
-2.02336e-11
-1.69218e-11
-1.37415e-11
-1.06141e-11
-7.48365e-12
-4.39023e-12
-1.80183e-12
-2.35222e-12
-1.49683e-11
-2.84657e-11
-2.85798e-11
-2.53388e-11
-2.18135e-11
-1.84428e-11
-1.5223e-11
-1.208e-11
-8.94311e-12
-5.7906e-12
-2.81177e-12
-1.23114e-12
-7.07785e-12
-2.42848e-11
-2.92967e-11
-2.69163e-11
-2.34547e-11
-2.00325e-11
-1.6766e-11
-1.36014e-11
-1.04627e-11
-7.2959e-12
-4.1499e-12
-1.55533e-12
-2.52514e-12
-1.61825e-11
-2.85298e-11
-2.83021e-11
-2.51299e-11
-2.1689e-11
-1.83727e-11
-1.51783e-11
-1.20353e-11
-8.87402e-12
-5.67319e-12
-2.63372e-12
-1.08162e-12
-7.47729e-12
-2.45546e-11
-2.90933e-11
-2.67677e-11
-2.34016e-11
-2.00441e-11
-1.68124e-11
-1.36581e-11
-1.05074e-11
-7.305e-12
-4.09628e-12
-1.41876e-12
-2.38682e-12
-1.61867e-11
-2.83162e-11
-2.81864e-11
-2.51385e-11
-2.17771e-11
-1.85057e-11
-1.53312e-11
-1.21876e-11
-9.00488e-12
-5.75603e-12
-2.62657e-12
-9.04981e-13
-6.99816e-12
-2.40317e-11
-2.89242e-11
-2.68141e-11
-2.35579e-11
-2.02586e-11
-1.70564e-11
-1.39115e-11
-1.07524e-11
-7.51969e-12
-4.24334e-12
-1.40673e-12
-1.91476e-12
-1.50029e-11
-2.78328e-11
-2.82062e-11
-2.5345e-11
-2.20661e-11
-1.88355e-11
-1.56796e-11
-1.25386e-11
-9.34154e-12
-6.05091e-12
-2.81232e-12
-7.43627e-13
-5.70322e-12
-2.26629e-11
-2.87332e-11
-2.70265e-11
-2.39081e-11
-2.06679e-11
-1.7494e-11
-1.4361e-11
-1.12005e-11
-7.94776e-12
-4.60855e-12
-1.56385e-12
-1.24438e-12
-1.26563e-11
-2.693e-11
-2.8305e-11
-2.57261e-11
-2.25446e-11
-1.93562e-11
-1.62209e-11
-1.30885e-11
-9.88788e-12
-6.56863e-12
-3.22134e-12
-7.04516e-13
-3.87317e-12
-2.02048e-11
-2.83809e-11
-2.7361e-11
-2.44345e-11
-2.12631e-11
-1.81206e-11
-1.50046e-11
-1.18522e-11
-8.59419e-12
-5.20858e-12
-1.95116e-12
-6.28835e-13
-9.31182e-12
-2.52714e-11
-2.83786e-11
-2.62487e-11
-2.31987e-11
-2.00605e-11
-1.6951e-11
-1.38353e-11
-1.06444e-11
-7.316e-12
-3.88276e-12
-9.18834e-13
-1.99027e-12
-1.63535e-11
-2.75905e-11
-2.77422e-11
-2.51118e-11
-2.20331e-11
-1.89299e-11
-1.5838e-11
-1.2705e-11
-9.4593e-12
-6.05394e-12
-2.6236e-12
-3.4594e-13
-5.51347e-12
-2.22895e-11
-2.82272e-11
-2.68577e-11
-2.40085e-11
-2.09389e-11
-1.78635e-11
-1.4774e-11
-1.16074e-11
-8.29322e-12
-4.8142e-12
-1.49182e-12
-6.04591e-13
-1.11464e-11
-2.58355e-11
-2.8028e-11
-2.58983e-11
-2.29613e-11
-1.99127e-11
-1.68544e-11
-1.37525e-11
-1.05377e-11
-7.14489e-12
-3.61098e-12
-5.93477e-13
-2.21095e-12
-1.73275e-11
-2.74503e-11
-2.74495e-11
-2.49411e-11
-2.19768e-11
-1.89492e-11
-1.58964e-11
-1.27685e-11
-9.49261e-12
-6.01585e-12
-2.47022e-12
-1.02599e-13
-5.58421e-12
-2.22147e-11
-2.79268e-11
-2.67156e-11
-2.40204e-11
-2.10553e-11
-1.80435e-11
-1.49846e-11
-1.18183e-11
-8.47034e-12
-4.91113e-12
-1.4349e-12
-2.7913e-13
-1.04848e-11
-2.52421e-11
-2.78091e-11
-2.59347e-11
-2.31503e-11
-2.01944e-11
-1.71909e-11
-1.41151e-11
-1.08992e-11
-7.47071e-12
-3.84016e-12
-5.71933e-13
-1.44567e-12
-1.57775e-11
-2.68063e-11
-2.74004e-11
-2.51596e-11
-2.23359e-11
-1.9391e-11
-1.63876e-11
-1.32851e-11
-1.00097e-11
-6.49515e-12
-2.81789e-12
2.07455e-14
-3.85489e-12
-2.0229e-11
-2.74543e-11
-2.68607e-11
-2.44159e-11
-2.15781e-11
-1.86418e-11
-1.56309e-11
-1.24925e-11
-9.14943e-12
-5.54685e-12
-1.8661e-12
2.11195e-13
-7.4357e-12
-2.33435e-11
-2.75805e-11
-2.6274e-11
-2.37157e-11
-2.08759e-11
-1.79443e-11
-1.49184e-11
-1.17365e-11
-8.31879e-12
-4.63083e-12
-1.01438e-12
-1.55434e-13
-1.1644e-11
-2.52678e-11
-2.74242e-11
-2.56849e-11
-2.30646e-11
-2.02277e-11
-1.72962e-11
-1.42488e-11
-1.10166e-11
-7.51926e-12
-3.7539e-12
-3.0058e-13
-1.21779e-12
-1.57112e-11
-2.63472e-11
-2.71227e-11
-2.51174e-11
-2.24643e-11
-1.96319e-11
-1.66959e-11
-1.36214e-11
-1.03334e-11
-6.75313e-12
-2.9246e-12
2.30621e-13
-3.0269e-12
-1.90862e-11
-2.68849e-11
-2.67546e-11
-2.45841e-11
-2.19154e-11
-1.90868e-11
-1.61423e-11
-1.30362e-11
-9.68802e-12
-6.02342e-12
-2.15273e-12
5.31863e-13
-5.47475e-12
-2.16037e-11
-2.70921e-11
-2.6365e-11
-2.40918e-11
-2.14173e-11
-1.85914e-11
-1.56349e-11
-1.24935e-11
-9.08203e-12
-5.33375e-12
-1.44872e-12
5.61256e-13
-8.29085e-12
-2.33561e-11
-2.7104e-11
-2.59802e-11
-2.36439e-11
-2.09694e-11
-1.81448e-11
-1.51737e-11
-1.19942e-11
-8.51764e-12
-4.6881e-12
-8.22568e-13
2.94086e-13
-1.11367e-11
-2.45214e-11
-2.70052e-11
-2.56156e-11
-2.3242e-11
-2.05709e-11
-1.77464e-11
-1.47588e-11
-1.15399e-11
-7.99739e-12
-4.09062e-12
-2.82465e-13
-2.64755e-13
-1.37317e-11
-2.52688e-11
-2.68481e-11
-2.52802e-11
-2.28865e-11
-2.02211e-11
-1.7396e-11
-1.43909e-11
-1.11319e-11
-7.52414e-12
-3.54536e-12
1.66781e-13
-1.07307e-12
-1.59203e-11
-2.57298e-11
-2.66657e-11
-2.49792e-11
-2.25775e-11
-1.99196e-11
-1.70935e-11
-1.40708e-11
-1.07724e-11
-7.10096e-12
-3.05601e-12
5.25169e-13
-2.05371e-12
-1.76621e-11
-2.59981e-11
-2.64786e-11
-2.47156e-11
-2.23147e-11
-1.96658e-11
-1.68391e-11
-1.37996e-11
-1.04634e-11
-6.731e-12
-2.62576e-12
7.98425e-13
-3.10769e-12
-1.89874e-11
-2.6138e-11
-2.62995e-11
-2.44909e-11
-2.20975e-11
-1.94593e-11
-1.66331e-11
-1.35784e-11
-1.02071e-11
-6.41747e-12
-2.25716e-12
9.98008e-13
-4.13292e-12
-1.99547e-11
-2.61928e-11
-2.61364e-11
-2.43055e-11
-2.19254e-11
-1.92998e-11
-1.64758e-11
-1.34084e-11
-1.00056e-11
-6.16353e-12
-1.95223e-12
1.13998e-12
-5.04036e-12
-2.06256e-11
-2.61909e-11
-2.59941e-11
-2.41594e-11
-2.17977e-11
-1.91869e-11
-1.63674e-11
-1.32907e-11
-9.86113e-12
-5.97223e-12
-1.71258e-12
1.24278e-12
-5.76277e-12
-2.10527e-11
-2.61506e-11
-2.58747e-11
-2.40519e-11
-2.17135e-11
-1.91204e-11
-1.63083e-11
-1.32264e-11
-9.77564e-12
-5.84648e-12
-1.53976e-12
1.32434e-12
-6.25557e-12
-2.12753e-11
-2.60828e-11
-2.57791e-11
-2.3982e-11
-2.1672e-11
-1.90996e-11
-1.62986e-11
-1.32163e-11
-9.75088e-12
-5.78897e-12
-1.43558e-12
1.39897e-12
-6.49311e-12
-2.13198e-11
-2.59931e-11
-2.57065e-11
-2.39484e-11
-2.1672e-11
-1.91241e-11
-1.63382e-11
-1.32609e-11
-9.78829e-12
-5.80215e-12
-1.40245e-12
1.47467e-12
-6.46368e-12
-2.11999e-11
-2.58824e-11
-2.56553e-11
-2.39493e-11
-2.17122e-11
-1.91931e-11
-1.64268e-11
-1.33607e-11
-9.8889e-12
-5.88812e-12
-1.44354e-12
1.55127e-12
-6.16586e-12
-2.09183e-11
-2.57479e-11
-2.56226e-11
-2.39826e-11
-2.17913e-11
-1.93054e-11
-1.65639e-11
-1.35154e-11
-1.00533e-11
-6.04851e-12
-1.56272e-12
1.61966e-12
-5.60726e-12
-2.04668e-11
-2.55833e-11
-2.56044e-11
-2.40457e-11
-2.19072e-11
-1.94599e-11
-1.67486e-11
-1.37246e-11
-1.02815e-11
-6.28442e-12
-1.76435e-12
1.66234e-12
-4.80608e-12
-1.9827e-11
-2.53779e-11
-2.55953e-11
-2.41354e-11
-2.2058e-11
-1.96549e-11
-1.69797e-11
-1.39874e-11
-1.05729e-11
-6.59618e-12
-2.05273e-12
1.65518e-12
-3.79525e-12
-1.89698e-11
-2.51164e-11
-2.55886e-11
-2.42479e-11
-2.2241e-11
-1.98886e-11
-1.72555e-11
-1.43023e-11
-1.09263e-11
-6.98331e-12
-2.43149e-12
1.57038e-12
-2.62794e-12
-1.78566e-11
-2.47776e-11
-2.55751e-11
-2.43785e-11
-2.24533e-11
-2.01585e-11
-1.7574e-11
-1.46675e-11
-1.13397e-11
-7.44433e-12
-2.90296e-12
1.3801e-12
-1.38226e-12
-1.64407e-11
-2.43326e-11
-2.55433e-11
-2.45215e-11
-2.26912e-11
-2.04621e-11
-1.79328e-11
-1.50803e-11
-1.18106e-11
-7.97673e-12
-3.46756e-12
1.06036e-12
-1.61513e-13
-1.46737e-11
-2.37422e-11
-2.54778e-11
-2.46695e-11
-2.29504e-11
-2.0796e-11
-1.8329e-11
-1.5538e-11
-1.23357e-11
-8.57696e-12
-4.12346e-12
5.9429e-13
9.1388e-13
-1.25185e-11
-2.29537e-11
-2.53583e-11
-2.48135e-11
-2.32256e-11
-2.11564e-11
-1.87594e-11
-1.60371e-11
-1.29112e-11
-9.24046e-12
-4.86647e-12
-2.59066e-14
1.72409e-12
-9.97463e-12
-2.18967e-11
-2.51573e-11
-2.49418e-11
-2.35105e-11
-2.15389e-11
-1.92199e-11
-1.65737e-11
-1.35325e-11
-9.96174e-12
-5.69017e-12
-7.98446e-13
2.17301e-12
-7.11754e-12
-2.0479e-11
-2.48373e-11
-2.5039e-11
-2.37971e-11
-2.19382e-11
-1.97064e-11
-1.71436e-11
-1.41947e-11
-1.07346e-11
-6.58628e-12
-1.71302e-12
2.20763e-12
-4.13972e-12
-1.85869e-11
-2.43458e-11
-2.50846e-11
-2.40754e-11
-2.23482e-11
-2.02139e-11
-1.77418e-11
-1.48926e-11
-1.15523e-11
-7.54512e-12
-2.75281e-12
1.82488e-12
-1.35998e-12
-1.60966e-11
-2.36095e-11
-2.50507e-11
-2.43327e-11
-2.27612e-11
-2.07367e-11
-1.83634e-11
-1.56203e-11
-1.24075e-11
-8.55615e-12
-3.89701e-12
1.06434e-12
8.44439e-13
-1.29161e-11
-2.25244e-11
-2.48982e-11
-2.45519e-11
-2.31679e-11
-2.12683e-11
-1.90024e-11
-1.63719e-11
-1.3293e-11
-9.6085e-12
-5.12313e-12
-7.86595e-15
2.17764e-12
-9.08302e-12
-2.09463e-11
-2.45713e-11
-2.47101e-11
-2.35566e-11
-2.1801e-11
-1.96526e-11
-1.7141e-11
-1.42012e-11
-1.06914e-11
-6.40893e-12
-1.31607e-12
2.54221e-12
-4.91244e-12
-1.86858e-11
-2.39887e-11
-2.47756e-11
-2.39121e-11
-2.23256e-11
-2.03069e-11
-1.79209e-11
-1.51245e-11
-1.17943e-11
-7.73374e-12
-2.78772e-12
2.04153e-12
-1.07525e-12
-1.55315e-11
-2.30303e-11
-2.4703e-11
-2.42139e-11
-2.28306e-11
-2.09573e-11
-1.87047e-11
-1.60555e-11
-1.29075e-11
-9.07918e-12
-4.36042e-12
8.88628e-13
1.62638e-12
-1.1359e-11
-2.15191e-11
-2.44253e-11
-2.4434e-11
-2.33015e-11
-2.15942e-11
-1.94846e-11
-1.69865e-11
-1.40216e-11
-1.04294e-11
-5.98426e-12
-6.90489e-13
2.73879e-12
-6.39836e-12
-1.92038e-11
-2.38417e-11
-2.45322e-11
-2.37188e-11
-2.22063e-11
-2.02522e-11
-1.791e-11
-1.51282e-11
-1.1771e-11
-7.62137e-12
-2.5098e-12
2.37854e-12
-1.55193e-12
-1.57764e-11
-2.27971e-11
-2.44493e-11
-2.40561e-11
-2.27788e-11
-2.09976e-11
-1.88179e-11
-1.62191e-11
-1.30928e-11
-9.24405e-12
-4.43606e-12
9.91637e-13
1.82732e-12
-1.10251e-11
-2.10531e-11
-2.40949e-11
-2.42755e-11
-2.32926e-11
-2.17091e-11
-1.97013e-11
-1.72863e-11
-1.43855e-11
-1.08326e-11
-6.38179e-12
-9.67177e-13
2.95618e-12
-5.29869e-12
-1.82617e-11
-2.3327e-11
-2.43205e-11
-2.37212e-11
-2.23717e-11
-2.05503e-11
-1.83217e-11
-1.56407e-11
-1.23731e-11
-8.29297e-12
-3.17269e-12
2.14349e-12
-5.78548e-14
-1.40124e-11
-2.19186e-11
-2.41046e-11
-2.40268e-11
-2.29658e-11
-2.13527e-11
-1.93168e-11
-1.68511e-11
-1.38558e-11
-1.01379e-11
-5.42977e-12
1.8303e-13
2.80094e-12
-8.18671e-12
-1.95121e-11
-2.3489e-11
-2.41526e-11
-2.34639e-11
-2.20931e-11
-2.02614e-11
-1.80092e-11
-1.52734e-11
-1.18988e-11
-7.63329e-12
-2.2688e-12
2.79711e-12
-1.86499e-12
-1.56075e-11
-2.22459e-11
-2.40097e-11
-2.38264e-11
-2.27508e-11
-2.11434e-11
-1.91072e-11
-1.66199e-11
-1.35663e-11
-9.7316e-12
-4.83047e-12
9.08679e-13
2.40954e-12
-9.81385e-12
-2.00002e-11
-2.34536e-11
-2.39926e-11
-2.32964e-11
-2.19465e-11
-2.01353e-11
-1.78896e-11
-1.51353e-11
-1.17023e-11
-7.31697e-12
-1.78033e-12
3.11235e-12
-2.8813e-12
-1.6184e-11
-2.22408e-11
-2.38662e-11
-2.36863e-11
-2.26485e-11
-2.10813e-11
-1.90759e-11
-1.66028e-11
-1.35377e-11
-9.65067e-12
-4.63751e-12
1.2146e-12
2.26366e-12
-1.02453e-11
-1.9957e-11
-2.32864e-11
-2.38525e-11
-2.32165e-11
-2.19279e-11
-2.01699e-11
-1.79657e-11
-1.5237e-11
-1.18059e-11
-7.38319e-12
-1.74854e-12
3.23893e-12
-2.84395e-12
-1.59502e-11
-2.19757e-11
-2.3684e-11
-2.36005e-11
-2.26503e-11
-2.11592e-11
-1.92193e-11
-1.68015e-11
-1.37796e-11
-9.91714e-12
-4.88857e-12
1.09132e-12
2.57483e-12
-9.57144e-12
-1.9449e-11
-2.2991e-11
-2.37201e-11
-2.32103e-11
-2.20249e-11
-2.03558e-11
-1.82316e-11
-1.55775e-11
-1.22162e-11
-7.85135e-12
-2.20895e-12
3.1734e-12
-1.74695e-12
-1.49353e-11
-2.14356e-11
-2.34399e-11
-2.35475e-11
-2.27378e-11
-2.1362e-11
-1.9525e-11
-1.72064e-11
-1.42864e-11
-1.05321e-11
-5.59999e-12
4.79302e-13
3.20566e-12
-7.78671e-12
-1.8416e-11
-2.25208e-11
-2.35614e-11
-2.32514e-11
-2.22159e-11
-2.06744e-11
-1.86708e-11
-1.61416e-11
-1.29203e-11
-8.71444e-12
-3.18636e-12
2.72248e-12
2.06153e-13
-1.30085e-11
-2.05252e-11
-2.30767e-11
-2.34887e-11
-2.28817e-11
-2.16646e-11
-1.99703e-11
-1.77952e-11
-1.50349e-11
-1.14716e-11
-6.75742e-12
-7.05334e-13
3.67605e-12
-4.85577e-12
-1.66685e-11
-2.17726e-11
-2.33163e-11
-2.32988e-11
-2.24685e-11
-2.10969e-11
-1.92551e-11
-1.68995e-11
-1.38837e-11
-9.93443e-12
-4.67079e-12
1.60973e-12
2.42718e-12
-9.90858e-12
-1.90464e-11
-2.24923e-11
-2.33629e-11
-2.30384e-11
-2.20315e-11
-2.05217e-11
-1.8533e-11
-1.5985e-11
-1.26864e-11
-8.30685e-12
-2.49523e-12
3.31579e-12
-1.01451e-12
-1.3858e-11
-2.05577e-11
-2.28859e-11
-2.32906e-11
-2.27368e-11
-2.15837e-11
-1.99453e-11
-1.78075e-11
-1.5053e-11
-1.14428e-11
-6.59383e-12
-3.25706e-13
3.8003e-12
-5.41305e-12
-1.66436e-11
-2.15108e-11
-2.30745e-11
-2.31451e-11
-2.24134e-11
-2.11344e-11
-1.93733e-11
-1.70821e-11
-1.41062e-11
-1.01553e-11
-4.81198e-12
1.66124e-12
2.6165e-12
-9.49482e-12
-1.85404e-11
-2.21054e-11
-2.31329e-11
-2.29561e-11
-2.20817e-11
-2.06909e-11
-1.88104e-11
-1.63606e-11
-1.31483e-11
-8.82966e-12
-2.99521e-12
3.19635e-12
-4.26047e-14
-1.27333e-11
-1.98214e-11
-2.24672e-11
-2.31087e-11
-2.27435e-11
-2.17514e-11
-2.0259e-11
-1.82612e-11
-1.56478e-11
-1.21846e-11
-7.47631e-12
-1.20066e-12
3.96516e-12
-3.39405e-12
-1.513e-11
-2.06862e-11
-2.26758e-11
-2.30331e-11
-2.25212e-11
-2.14297e-11
-1.98439e-11
-1.77304e-11
-1.49492e-11
-1.12227e-11
-6.11128e-12
4.88316e-13
3.74555e-12
-6.66116e-12
-1.6857e-11
-2.12695e-11
-2.27831e-11
-2.29272e-11
-2.22991e-11
-2.11227e-11
-1.94504e-11
-1.72233e-11
-1.42712e-11
-1.02723e-11
-4.75678e-12
1.96692e-12
2.56717e-12
-9.43985e-12
-1.80912e-11
-2.16601e-11
-2.28235e-11
-2.28055e-11
-2.20846e-11
-2.08354e-11
-1.9083e-11
-1.67454e-11
-1.36216e-11
-9.34562e-12
-3.44081e-12
3.12675e-12
7.29546e-13
-1.16405e-11
-1.89711e-11
-2.19174e-11
-2.28203e-11
-2.26786e-11
-2.18836e-11
-2.05719e-11
-1.87462e-11
-1.63024e-11
-1.30091e-11
-8.4569e-12
-2.1955e-12
3.8862e-12
-1.36237e-12
-1.33201e-11
-1.9596e-11
-2.20812e-11
-2.27897e-11
-2.25539e-11
-2.17003e-11
-2.03362e-11
-1.84444e-11
-1.59007e-11
-1.24433e-11
-7.62227e-12
-1.05381e-12
4.2222e-12
-3.37976e-12
-1.45745e-11
-2.00354e-11
-2.21787e-11
-2.27429e-11
-2.24369e-11
-2.15385e-11
-2.01314e-11
-1.8182e-11
-1.55467e-11
-1.19345e-11
-6.85894e-12
-4.52167e-14
4.18426e-12
-5.1359e-12
-1.5494e-11
-2.03369e-11
-2.22286e-11
-2.26877e-11
-2.23315e-11
-2.14007e-11
-1.99605e-11
-1.79629e-11
-1.52468e-11
-1.14934e-11
-6.18442e-12
8.08762e-13
3.88016e-12
-6.55938e-12
-1.61509e-11
-2.05338e-11
-2.22436e-11
-2.26295e-11
-2.22404e-11
-2.12891e-11
-1.98258e-11
-1.77908e-11
-1.5007e-11
-1.11304e-11
-5.61551e-12
1.49734e-12
3.44227e-12
-7.64427e-12
-1.65991e-11
-2.06484e-11
-2.22323e-11
-2.25719e-11
-2.21654e-11
-2.12049e-11
-1.97293e-11
-1.76688e-11
-1.4833e-11
-1.08553e-11
-5.16754e-12
2.0205e-12
2.99431e-12
-8.41223e-12
-1.68768e-11
-2.06957e-11
-2.22e-11
-2.25166e-11
-2.21073e-11
-2.11489e-11
-1.96722e-11
-1.75995e-11
-1.47296e-11
-1.06769e-11
-4.85375e-12
2.38587e-12
2.63196e-12
-8.89121e-12
-1.701e-11
-2.06852e-11
-2.21498e-11
-2.24644e-11
-2.2066e-11
-2.11212e-11
-1.96548e-11
-1.75843e-11
-1.47001e-11
-1.06022e-11
-4.68493e-12
2.60347e-12
2.41804e-12
-9.10553e-12
-1.70149e-11
-2.0622e-11
-2.20826e-11
-2.2415e-11
-2.20408e-11
-2.11208e-11
-1.9677e-11
-1.76237e-11
-1.47467e-11
-1.0636e-11
-4.66929e-12
2.68005e-12
2.3856e-12
-9.07186e-12
-1.68997e-11
-2.05075e-11
-2.19977e-11
-2.23667e-11
-2.203e-11
-2.11464e-11
-1.97375e-11
-1.77171e-11
-1.48697e-11
-1.07807e-11
-4.81221e-12
2.61463e-12
2.54243e-12
-8.7982e-12
-1.6666e-11
-2.03402e-11
-2.18925e-11
-2.23171e-11
-2.20311e-11
-2.11956e-11
-1.98341e-11
-1.78626e-11
-1.50676e-11
-1.10358e-11
-5.11601e-12
2.39669e-12
2.8734e-12
-8.28415e-12
-1.63092e-11
-2.01155e-11
-2.17632e-11
-2.22626e-11
-2.2041e-11
-2.12654e-11
-1.99639e-11
-1.80569e-11
-1.5337e-11
-1.13975e-11
-5.57934e-12
2.00736e-12
3.33899e-12
-7.52199e-12
-1.58182e-11
-1.98258e-11
-2.1604e-11
-2.21987e-11
-2.20555e-11
-2.13517e-11
-2.01226e-11
-1.82956e-11
-1.56724e-11
-1.18593e-11
-6.1965e-12
1.42384e-12
3.87093e-12
-6.49897e-12
-1.51758e-11
-1.94599e-11
-2.14075e-11
-2.21194e-11
-2.20696e-11
-2.14499e-11
-2.03054e-11
-1.85729e-11
-1.60666e-11
-1.24115e-11
-6.95691e-12
6.26073e-13
4.36762e-12
-5.20195e-12
-1.43572e-11
-1.9003e-11
-2.11639e-11
-2.20178e-11
-2.20774e-11
-2.15544e-11
-2.05063e-11
-1.8882e-11
-1.65109e-11
-1.30418e-11
-7.84481e-12
-3.95825e-13
4.69484e-12
-3.62674e-12
-1.33293e-11
-1.84353e-11
-2.08613e-11
-2.18853e-11
-2.20719e-11
-2.16586e-11
-2.07187e-11
-1.92151e-11
-1.69952e-11
-1.37358e-11
-8.83974e-12
-1.6356e-12
4.69971e-12
-1.79596e-12
-1.20499e-11
-1.77307e-11
-2.04841e-11
-2.17113e-11
-2.20449e-11
-2.17553e-11
-2.09352e-11
-1.95637e-11
-1.75084e-11
-1.44776e-11
-9.91743e-12
-3.06854e-12
4.2424e-12
2.09931e-13
-1.04678e-11
-1.68553e-11
-2.00129e-11
-2.14833e-11
-2.1987e-11
-2.18362e-11
-2.11474e-11
-1.99185e-11
-1.80388e-11
-1.52506e-11
-1.10514e-11
-4.65359e-12
3.23919e-12
