-5.9369e-12
-6.04221e-12
-6.07028e-12
-6.082e-12
-6.08809e-12
-6.09169e-12
-6.09402e-12
-6.09561e-12
-6.09676e-12
-6.09762e-12
-6.09828e-12
-6.0988e-12
-6.09922e-12
-6.09956e-12
-6.09984e-12
-6.10008e-12
-6.10028e-12
-6.10046e-12
-6.10061e-12
-6.10074e-12
-6.10086e-12
-6.10097e-12
-6.10106e-12
-6.10115e-12
-6.10122e-12
-6.10129e-12
-6.10136e-12
-6.10142e-12
-6.10147e-12
-6.10153e-12
-6.10158e-12
-6.10162e-12
-6.10166e-12
-6.10171e-12
-6.10175e-12
-6.10178e-12
-6.10182e-12
-6.10186e-12
-6.10189e-12
-6.10192e-12
-6.10195e-12
-6.10199e-12
-6.10202e-12
-6.10205e-12
-6.10208e-12
-6.10211e-12
-6.10213e-12
-6.10216e-12
-6.10219e-12
-6.10222e-12
-6.10225e-12
-6.10228e-12
-6.1023e-12
-6.10233e-12
-6.10236e-12
-6.10239e-12
-6.10241e-12
-6.10244e-12
-6.10247e-12
-6.1025e-12
-6.10253e-12
-6.10255e-12
-6.10258e-12
-6.10261e-12
-6.10264e-12
-6.10267e-12
-6.1027e-12
-6.10273e-12
-6.10276e-12
-6.10279e-12
-6.10282e-12
-6.10285e-12
-6.10288e-12
-6.10291e-12
-6.10294e-12
-6.10297e-12
-6.10301e-12
-6.10304e-12
-6.10307e-12
-6.1031e-12
-6.10314e-12
-6.10317e-12
-6.10321e-12
-6.10324e-12
-6.10328e-12
-6.10331e-12
-6.10335e-12
-6.10338e-12
-6.10342e-12
-6.10346e-12
-6.10349e-12
-6.10353e-12
-6.10357e-12
-6.10361e-12
-6.10365e-12
-6.10369e-12
-6.10373e-12
-6.10377e-12
-6.10381e-12
-6.10385e-12
-6.10389e-12
-6.10394e-12
-6.10398e-12
-6.10402e-12
-6.10407e-12
-6.10411e-12
-6.10415e-12
-6.1042e-12
-6.10425e-12
-6.10429e-12
-6.10434e-12
-6.10439e-12
-6.10443e-12
-6.10448e-12
-6.10453e-12
-6.10458e-12
-6.10463e-12
-6.10468e-12
-6.10473e-12
-6.10478e-12
-6.10483e-12
-6.10489e-12
-6.10494e-12
-6.10499e-12
-6.10505e-12
-6.1051e-12
-6.10516e-12
-6.10521e-12
-6.10527e-12
-6.10533e-12
-6.10539e-12
-6.10544e-12
-6.1055e-12
-6.10556e-12
-6.10562e-12
-6.10568e-12
-6.10574e-12
-6.10581e-12
-6.10587e-12
-6.10593e-12
-6.10599e-12
-6.10606e-12
-6.10612e-12
-6.10619e-12
-6.10626e-12
-6.10632e-12
-6.10639e-12
-6.10646e-12
-6.10653e-12
-6.1066e-12
-6.10667e-12
-6.10674e-12
-6.10681e-12
-6.10688e-12
-6.10695e-12
-6.10703e-12
-6.1071e-12
-6.10718e-12
-6.10725e-12
-6.10733e-12
-6.10741e-12
-6.10748e-12
-6.10756e-12
-6.10764e-12
-6.10772e-12
-6.1078e-12
-6.10788e-12
-6.10797e-12
-6.10805e-12
-6.10813e-12
-6.10822e-12
-6.1083e-12
-6.10839e-12
-6.10848e-12
-6.10856e-12
-6.10865e-12
-6.10874e-12
-6.10883e-12
-6.10892e-12
-6.10901e-12
-6.1091e-12
-6.1092e-12
-6.10929e-12
-6.10939e-12
-6.10948e-12
-6.10958e-12
-6.10968e-12
-6.10977e-12
-6.10987e-12
-6.10997e-12
-6.11007e-12
-6.11017e-12
-6.11028e-12
-6.11038e-12
-6.11048e-12
-6.11059e-12
-6.1107e-12
-6.1108e-12
-6.11091e-12
-6.11102e-12
-6.11113e-12
-6.11124e-12
-6.11135e-12
-6.11146e-12
-6.11158e-12
-6.11169e-12
-6.11181e-12
-6.11192e-12
-6.11204e-12
-6.11216e-12
-6.11228e-12
-6.1124e-12
-6.11252e-12
-6.11264e-12
-6.11276e-12
-6.11289e-12
-6.11301e-12
-6.11314e-12
-6.11327e-12
-6.11339e-12
-6.11352e-12
-6.11365e-12
-6.11379e-12
-6.11392e-12
-6.11405e-12
-6.11419e-12
-6.11432e-12
-6.11446e-12
-6.1146e-12
-6.11474e-12
-6.11488e-12
-6.11502e-12
-6.11516e-12
-6.11531e-12
-6.11545e-12
-6.1156e-12
-6.11575e-12
-6.11589e-12
-6.11604e-12
-6.1162e-12
-6.11635e-12
-6.1165e-12
-6.11666e-12
-6.11681e-12
-6.11697e-12
-6.11713e-12
-6.11729e-12
-6.11745e-12
-6.11761e-12
-6.11778e-12
-6.11794e-12
-6.11811e-12
-6.11827e-12
-6.11844e-12
-6.11861e-12
-6.11879e-12
-6.11896e-12
-6.11913e-12
-6.11931e-12
-6.11949e-12
-6.11967e-12
-6.11985e-12
-6.12003e-12
-6.12021e-12
-6.1204e-12
-6.12058e-12
-6.12077e-12
-6.12096e-12
-6.12115e-12
-6.12134e-12
-6.12154e-12
-6.12173e-12
-6.12193e-12
-6.12213e-12
-6.12233e-12
-6.12253e-12
-6.12273e-12
-6.12294e-12
-6.12314e-12
-6.12335e-12
-6.12356e-12
-6.12377e-12
-6.12398e-12
-6.1242e-12
-6.12442e-12
-6.12463e-12
-6.12485e-12
-6.12508e-12
-6.1253e-12
-6.12552e-12
-6.12575e-12
-6.12598e-12
-6.12621e-12
-6.12644e-12
-6.12668e-12
-6.12692e-12
-6.12715e-12
-6.12739e-12
-6.12764e-12
-6.12788e-12
-6.12813e-12
-6.12838e-12
-6.12863e-12
-6.12888e-12
-6.12913e-12
-6.12939e-12
-6.12965e-12
-6.12991e-12
-6.13017e-12
-6.13043e-12
-6.1307e-12
-6.13097e-12
-6.13124e-12
-6.13151e-12
-6.13179e-12
-6.13207e-12
-6.13235e-12
-6.13263e-12
-6.13292e-12
-6.1332e-12
-6.13349e-12
-6.13378e-12
-6.13408e-12
-6.13438e-12
-6.13467e-12
-6.13498e-12
-6.13528e-12
-6.13559e-12
-6.1359e-12
-6.13621e-12
-6.13652e-12
-6.13684e-12
-6.13716e-12
-6.13748e-12
-6.1378e-12
-6.13813e-12
-6.13846e-12
-6.13879e-12
-6.13913e-12
-6.13947e-12
-6.13981e-12
-6.14015e-12
-6.1405e-12
-6.14085e-12
-6.1412e-12
-6.14156e-12
-6.14192e-12
-6.14228e-12
-6.14265e-12
-6.14301e-12
-6.14339e-12
-6.14376e-12
-6.14414e-12
-6.14452e-12
-6.1449e-12
-6.14529e-12
-6.14568e-12
-6.14608e-12
-6.14647e-12
-6.14687e-12
-6.14728e-12
-6.14769e-12
-6.1481e-12
-6.14851e-12
-6.14893e-12
-6.14935e-12
-6.14978e-12
-6.15021e-12
-6.15064e-12
-6.15108e-12
-6.15152e-12
-6.15197e-12
-6.15241e-12
-6.15287e-12
-6.15332e-12
-6.15379e-12
-6.15425e-12
-6.15472e-12
-6.15519e-12
-6.15567e-12
-6.15615e-12
-6.15664e-12
-6.15713e-12
-6.15762e-12
-6.15812e-12
-6.15863e-12
-6.15914e-12
-6.15965e-12
-6.16017e-12
-6.16069e-12
-6.16122e-12
-6.16175e-12
-6.16229e-12
-6.16283e-12
-6.16338e-12
-6.16393e-12
-6.16449e-12
-6.16505e-12
-6.16562e-12
-6.16619e-12
-6.16677e-12
-6.16735e-12
-6.16794e-12
-6.16854e-12
-6.16914e-12
-6.16974e-12
-6.17036e-12
-6.17097e-12
-6.1716e-12
-6.17223e-12
-6.17286e-12
-6.17351e-12
-6.17416e-12
-6.17481e-12
-6.17547e-12
-6.17614e-12
-6.17681e-12
-6.17749e-12
-6.17818e-12
-6.17888e-12
-6.17958e-12
-6.18029e-12
-6.181e-12
-6.18172e-12
-6.18245e-12
-6.18319e-12
-6.18393e-12
-6.18469e-12
-6.18545e-12
-6.18621e-12
-6.18699e-12
-6.18777e-12
-6.18856e-12
-6.18936e-12
-6.19017e-12
-6.19099e-12
-6.19181e-12
-6.19265e-12
-6.19349e-12
-6.19434e-12
-6.1952e-12
-6.19607e-12
-6.19695e-12
-6.19783e-12
-6.19873e-12
-6.19964e-12
-6.20056e-12
-6.20148e-12
-6.20242e-12
-6.20337e-12
-6.20432e-12
-6.20529e-12
-6.20627e-12
-6.20726e-12
-6.20826e-12
-6.20927e-12
-6.21029e-12
-6.21133e-12
-6.21238e-12
-6.21343e-12
-6.2145e-12
-6.21559e-12
-6.21668e-12
-6.21779e-12
-6.21891e-12
-6.22004e-12
-6.22119e-12
-6.22235e-12
-6.22352e-12
-6.22471e-12
-6.22591e-12
-6.22713e-12
-6.22836e-12
-6.2296e-12
-6.23086e-12
-6.23214e-12
-6.23343e-12
-6.23474e-12
-6.23606e-12
-6.2374e-12
-6.23876e-12
-6.24013e-12
-6.24152e-12
-6.24293e-12
-6.24435e-12
-6.2458e-12
-6.24726e-12
-6.24874e-12
-6.25024e-12
-6.25176e-12
-6.2533e-12
-6.25486e-12
-6.25643e-12
-6.25804e-12
-6.25966e-12
-6.2613e-12
-6.26296e-12
-6.26465e-12
-6.26636e-12
-6.2681e-12
-6.26985e-12
-6.27164e-12
-6.27344e-12
-6.27527e-12
-6.27713e-12
-6.27901e-12
-6.28092e-12
-6.28286e-12
-6.28482e-12
-6.28682e-12
-6.28884e-12
-6.29089e-12
-6.29297e-12
-6.29508e-12
-6.29722e-12
-6.2994e-12
-6.3016e-12
-6.30384e-12
-6.30612e-12
-6.30842e-12
-6.31077e-12
-6.31315e-12
-6.31556e-12
-6.31802e-12
-6.32051e-12
-6.32304e-12
-6.32561e-12
-6.32822e-12
-6.33088e-12
-6.33357e-12
-6.33631e-12
-6.3391e-12
-6.34193e-12
-6.34481e-12
-6.34774e-12
-6.35071e-12
-6.35374e-12
-6.35681e-12
-6.35994e-12
-6.36313e-12
-6.36636e-12
-6.36966e-12
-6.37301e-12
-6.37642e-12
-6.37989e-12
-6.38342e-12
-6.38702e-12
-6.39068e-12
-6.39441e-12
-6.39821e-12
-6.40208e-12
-6.40601e-12
-6.41003e-12
-6.41411e-12
-6.41828e-12
-6.42252e-12
-6.42685e-12
-6.43126e-12
-6.43575e-12
-6.44033e-12
-6.445e-12
-6.44977e-12
-6.45462e-12
-6.45958e-12
-6.46463e-12
-6.46979e-12
-6.47505e-12
-6.48042e-12
-6.48589e-12
-6.49148e-12
-6.49719e-12
-6.50301e-12
-6.50896e-12
-6.51503e-12
-6.52122e-12
-6.52755e-12
-6.53401e-12
-6.5406e-12
-6.54733e-12
-6.55421e-12
-6.56123e-12
-6.56839e-12
-6.57571e-12
-6.58318e-12
-6.5908e-12
-6.59858e-12
-6.60652e-12
-6.61461e-12
-6.62287e-12
-6.63129e-12
-6.63987e-12
-6.64861e-12
-6.65751e-12
-6.66657e-12
-6.67577e-12
-6.68513e-12
-6.69462e-12
-6.70424e-12
-6.71399e-12
-6.72384e-12
-6.73378e-12
-6.74379e-12
-6.75385e-12
-6.76392e-12
-6.77398e-12
-6.78397e-12
-6.79386e-12
-6.80359e-12
-6.81308e-12
-6.82227e-12
-6.83106e-12
-6.83934e-12
-6.847e-12
-6.85388e-12
-6.85983e-12
-6.86465e-12
-6.86813e-12
-6.87002e-12
-6.87004e-12
-6.86787e-12
-6.86315e-12
-6.85551e-12
-6.8445e-12
-6.82966e-12
-6.81049e-12
-6.78648e-12
-6.7571e-12
-6.72182e-12
-6.68016e-12
-6.63168e-12
-6.57601e-12
-6.51293e-12
-6.44231e-12
-6.36424e-12
-6.27897e-12
-6.18695e-12
-6.08881e-12
-5.98537e-12
-5.87758e-12
-5.76647e-12
-5.65314e-12
-5.53869e-12
-5.42416e-12
-5.31052e-12
-5.19864e-12
-5.08923e-12
-4.98292e-12
-4.88015e-12
-4.78128e-12
-4.68653e-12
-4.59603e-12
-4.50984e-12
-4.42793e-12
-4.35023e-12
-4.27663e-12
-4.20698e-12
-4.14112e-12
-4.07887e-12
-4.02005e-12
-3.96448e-12
-3.91196e-12
-3.86233e-12
-3.81539e-12
-3.77099e-12
-3.72897e-12
-3.68917e-12
-3.65146e-12
-3.6157e-12
-3.58176e-12
-3.54952e-12
-3.51889e-12
-3.48975e-12
-3.46201e-12
-3.43559e-12
-3.4104e-12
-3.38637e-12
-3.36342e-12
-3.34149e-12
-3.32052e-12
-3.30045e-12
-3.28124e-12
-3.26282e-12
-3.24515e-12
-3.2282e-12
-3.21192e-12
-3.19628e-12
-3.18123e-12
-3.16675e-12
-3.15282e-12
-3.13939e-12
-3.12644e-12
-3.11396e-12
-3.10191e-12
-3.09028e-12
-3.07904e-12
-3.06817e-12
-3.05766e-12
-3.04749e-12
-3.03765e-12
-3.02812e-12
-3.01888e-12
-3.00992e-12
-3.00123e-12
-2.9928e-12
-2.98462e-12
-2.97668e-12
-2.96896e-12
-2.96145e-12
-2.95416e-12
-2.94706e-12
-2.94016e-12
-2.93344e-12
-2.92689e-12
-2.92052e-12
-2.91431e-12
-2.90826e-12
-2.90235e-12
-2.8966e-12
-2.89098e-12
-2.8855e-12
-2.88015e-12
-2.87492e-12
-2.86982e-12
-2.86483e-12
-2.85996e-12
-2.85519e-12
-2.85053e-12
-2.84597e-12
-2.84152e-12
-2.83715e-12
-2.83288e-12
-2.8287e-12
-2.82461e-12
-2.8206e-12
-2.81667e-12
-2.81281e-12
-2.80904e-12
-2.80534e-12
-2.80171e-12
-2.79815e-12
-2.79466e-12
-2.79124e-12
-2.78788e-12
-2.78458e-12
-2.78134e-12
-2.77816e-12
-2.77504e-12
-2.77197e-12
-2.76895e-12
-2.76599e-12
-2.76308e-12
-2.76022e-12
-2.75741e-12
-2.75465e-12
-2.75193e-12
-2.74925e-12
-2.74662e-12
-2.74404e-12
-2.74149e-12
-2.73898e-12
-2.73652e-12
-2.73409e-12
-2.7317e-12
-2.72935e-12
-2.72703e-12
-2.72475e-12
-2.7225e-12
-2.72028e-12
-2.7181e-12
-2.71595e-12
-2.71383e-12
-2.71174e-12
-2.70968e-12
-2.70765e-12
-2.70565e-12
-2.70367e-12
-2.70173e-12
-2.69981e-12
-2.69791e-12
-2.69604e-12
-2.6942e-12
-2.69238e-12
-2.69059e-12
-2.68882e-12
-2.68707e-12
-2.68534e-12
-2.68364e-12
-2.68195e-12
-2.68029e-12
-2.67865e-12
-2.67703e-12
-2.67543e-12
-2.67385e-12
-2.67229e-12
-2.67075e-12
-2.66922e-12
-2.66772e-12
-2.66623e-12
-2.66476e-12
-2.66331e-12
-2.66187e-12
-2.66045e-12
-2.65905e-12
-2.65766e-12
-2.65629e-12
-2.65493e-12
-2.65359e-12
-2.65226e-12
-2.65095e-12
-2.64965e-12
-2.64837e-12
-2.6471e-12
-2.64584e-12
-2.6446e-12
-2.64337e-12
-2.64215e-12
-2.64095e-12
-2.63976e-12
-2.63858e-12
-2.63741e-12
-2.63625e-12
-2.63511e-12
-2.63398e-12
-2.63286e-12
-2.63175e-12
-2.63065e-12
-2.62956e-12
-2.62848e-12
-2.62742e-12
-2.62636e-12
-2.62531e-12
-2.62428e-12
-2.62325e-12
-2.62224e-12
-2.62123e-12
-2.62023e-12
-2.61924e-12
-2.61826e-12
-2.61729e-12
-2.61633e-12
-2.61538e-12
-2.61443e-12
-2.6135e-12
-2.61257e-12
-2.61165e-12
-2.61074e-12
-2.60984e-12
-2.60894e-12
-2.60806e-12
-2.60718e-12
-2.60631e-12
-2.60544e-12
-2.60459e-12
-2.60374e-12
-2.60289e-12
-2.60206e-12
-2.60123e-12
-2.60041e-12
-2.59959e-12
-2.59879e-12
-2.59798e-12
-2.59719e-12
-2.5964e-12
-2.59562e-12
-2.59484e-12
-2.59407e-12
-2.59331e-12
-2.59255e-12
-2.5918e-12
-2.59106e-12
-2.59032e-12
-2.58958e-12
-2.58886e-12
-2.58813e-12
-2.58742e-12
-2.5867e-12
-2.586e-12
-2.5853e-12
-2.5846e-12
-2.58391e-12
-2.58323e-12
-2.58255e-12
-2.58187e-12
-2.5812e-12
-2.58054e-12
-2.57988e-12
-2.57922e-12
-2.57857e-12
-2.57792e-12
-2.57728e-12
-2.57665e-12
-2.57601e-12
-2.57539e-12
-2.57476e-12
-2.57414e-12
-2.57353e-12
-2.57292e-12
-2.57231e-12
-2.57171e-12
-2.57111e-12
