-6.72529e-12
-6.79926e-12
-6.82291e-12
-6.83338e-12
-6.83898e-12
-6.84235e-12
-6.84455e-12
-6.84608e-12
-6.84718e-12
-6.84801e-12
-6.84865e-12
-6.84915e-12
-6.84956e-12
-6.84989e-12
-6.85017e-12
-6.8504e-12
-6.85061e-12
-6.85078e-12
-6.85093e-12
-6.85106e-12
-6.85118e-12
-6.85128e-12
-6.85138e-12
-6.85146e-12
-6.85154e-12
-6.85161e-12
-6.85168e-12
-6.85174e-12
-6.8518e-12
-6.85185e-12
-6.8519e-12
-6.85195e-12
-6.85199e-12
-6.85204e-12
-6.85208e-12
-6.85212e-12
-6.85216e-12
-6.85219e-12
-6.85223e-12
-6.85227e-12
-6.8523e-12
-6.85233e-12
-6.85237e-12
-6.8524e-12
-6.85243e-12
-6.85246e-12
-6.85249e-12
-6.85253e-12
-6.85256e-12
-6.85259e-12
-6.85262e-12
-6.85265e-12
-6.85268e-12
-6.85271e-12
-6.85274e-12
-6.85277e-12
-6.8528e-12
-6.85283e-12
-6.85286e-12
-6.8529e-12
-6.85293e-12
-6.85296e-12
-6.85299e-12
-6.85302e-12
-6.85305e-12
-6.85309e-12
-6.85312e-12
-6.85315e-12
-6.85318e-12
-6.85322e-12
-6.85325e-12
-6.85328e-12
-6.85332e-12
-6.85335e-12
-6.85339e-12
-6.85342e-12
-6.85346e-12
-6.85349e-12
-6.85353e-12
-6.85357e-12
-6.8536e-12
-6.85364e-12
-6.85368e-12
-6.85372e-12
-6.85376e-12
-6.85379e-12
-6.85383e-12
-6.85387e-12
-6.85391e-12
-6.85395e-12
-6.85399e-12
-6.85404e-12
-6.85408e-12
-6.85412e-12
-6.85416e-12
-6.8542e-12
-6.85425e-12
-6.85429e-12
-6.85434e-12
-6.85438e-12
-6.85442e-12
-6.85447e-12
-6.85452e-12
-6.85456e-12
-6.85461e-12
-6.85466e-12
-6.8547e-12
-6.85475e-12
-6.8548e-12
-6.85485e-12
-6.8549e-12
-6.85495e-12
-6.855e-12
-6.85505e-12
-6.8551e-12
-6.85516e-12
-6.85521e-12
-6.85526e-12
-6.85531e-12
-6.85537e-12
-6.85542e-12
-6.85548e-12
-6.85553e-12
-6.85559e-12
-6.85564e-12
-6.8557e-12
-6.85576e-12
-6.85582e-12
-6.85588e-12
-6.85593e-12
-6.85599e-12
-6.85605e-12
-6.85611e-12
-6.85618e-12
-6.85624e-12
-6.8563e-12
-6.85636e-12
-6.85642e-12
-6.85649e-12
-6.85655e-12
-6.85662e-12
-6.85668e-12
-6.85675e-12
-6.85681e-12
-6.85688e-12
-6.85695e-12
-6.85702e-12
-6.85709e-12
-6.85715e-12
-6.85722e-12
-6.85729e-12
-6.85737e-12
-6.85744e-12
-6.85751e-12
-6.85758e-12
-6.85765e-12
-6.85773e-12
-6.8578e-12
-6.85788e-12
-6.85795e-12
-6.85803e-12
-6.8581e-12
-6.85818e-12
-6.85826e-12
-6.85834e-12
-6.85842e-12
-6.8585e-12
-6.85858e-12
-6.85866e-12
-6.85874e-12
-6.85882e-12
-6.8589e-12
-6.85899e-12
-6.85907e-12
-6.85915e-12
-6.85924e-12
-6.85932e-12
-6.85941e-12
-6.8595e-12
-6.85958e-12
-6.85967e-12
-6.85976e-12
-6.85985e-12
-6.85994e-12
-6.86003e-12
-6.86012e-12
-6.86021e-12
-6.86031e-12
-6.8604e-12
-6.86049e-12
-6.86059e-12
-6.86068e-12
-6.86078e-12
-6.86088e-12
-6.86097e-12
-6.86107e-12
-6.86117e-12
-6.86127e-12
-6.86137e-12
-6.86147e-12
-6.86157e-12
-6.86167e-12
-6.86177e-12
-6.86188e-12
-6.86198e-12
-6.86209e-12
-6.86219e-12
-6.8623e-12
-6.8624e-12
-6.86251e-12
-6.86262e-12
-6.86273e-12
-6.86284e-12
-6.86295e-12
-6.86306e-12
-6.86317e-12
-6.86328e-12
-6.8634e-12
-6.86351e-12
-6.86363e-12
-6.86374e-12
-6.86386e-12
-6.86397e-12
-6.86409e-12
-6.86421e-12
-6.86433e-12
-6.86445e-12
-6.86457e-12
-6.86469e-12
-6.86481e-12
-6.86494e-12
-6.86506e-12
-6.86519e-12
-6.86531e-12
-6.86544e-12
-6.86557e-12
-6.86569e-12
-6.86582e-12
-6.86595e-12
-6.86608e-12
-6.86621e-12
-6.86634e-12
-6.86648e-12
-6.86661e-12
-6.86675e-12
-6.86688e-12
-6.86702e-12
-6.86715e-12
-6.86729e-12
-6.86743e-12
-6.86757e-12
-6.86771e-12
-6.86785e-12
-6.86799e-12
-6.86814e-12
-6.86828e-12
-6.86842e-12
-6.86857e-12
-6.86872e-12
-6.86886e-12
-6.86901e-12
-6.86916e-12
-6.86931e-12
-6.86946e-12
-6.86961e-12
-6.86976e-12
-6.86992e-12
-6.87007e-12
-6.87023e-12
-6.87038e-12
-6.87054e-12
-6.8707e-12
-6.87086e-12
-6.87102e-12
-6.87118e-12
-6.87134e-12
-6.87151e-12
-6.87167e-12
-6.87184e-12
-6.872e-12
-6.87217e-12
-6.87234e-12
-6.8725e-12
-6.87267e-12
-6.87285e-12
-6.87302e-12
-6.87319e-12
-6.87336e-12
-6.87354e-12
-6.87372e-12
-6.87389e-12
-6.87407e-12
-6.87425e-12
-6.87443e-12
-6.87461e-12
-6.87479e-12
-6.87498e-12
-6.87516e-12
-6.87535e-12
-6.87553e-12
-6.87572e-12
-6.87591e-12
-6.8761e-12
-6.87629e-12
-6.87648e-12
-6.87668e-12
-6.87687e-12
-6.87707e-12
-6.87726e-12
-6.87746e-12
-6.87766e-12
-6.87786e-12
-6.87806e-12
-6.87827e-12
-6.87847e-12
-6.87867e-12
-6.87888e-12
-6.87909e-12
-6.8793e-12
-6.87951e-12
-6.87972e-12
-6.87993e-12
-6.88014e-12
-6.88036e-12
-6.88057e-12
-6.88079e-12
-6.88101e-12
-6.88123e-12
-6.88145e-12
-6.88167e-12
-6.8819e-12
-6.88212e-12
-6.88235e-12
-6.88257e-12
-6.8828e-12
-6.88303e-12
-6.88326e-12
-6.8835e-12
-6.88373e-12
-6.88397e-12
-6.8842e-12
-6.88444e-12
-6.88468e-12
-6.88492e-12
-6.88516e-12
-6.88541e-12
-6.88565e-12
-6.8859e-12
-6.88615e-12
-6.8864e-12
-6.88665e-12
-6.8869e-12
-6.88716e-12
-6.88741e-12
-6.88767e-12
-6.88793e-12
-6.88819e-12
-6.88845e-12
-6.88871e-12
-6.88898e-12
-6.88924e-12
-6.88951e-12
-6.88978e-12
-6.89005e-12
-6.89032e-12
-6.8906e-12
-6.89087e-12
-6.89115e-12
-6.89143e-12
-6.89171e-12
-6.89199e-12
-6.89227e-12
-6.89256e-12
-6.89285e-12
-6.89314e-12
-6.89343e-12
-6.89372e-12
-6.89401e-12
-6.89431e-12
-6.89461e-12
-6.89491e-12
-6.89521e-12
-6.89551e-12
-6.89581e-12
-6.89612e-12
-6.89643e-12
-6.89674e-12
-6.89705e-12
-6.89736e-12
-6.89768e-12
-6.898e-12
-6.89832e-12
-6.89864e-12
-6.89896e-12
-6.89929e-12
-6.89961e-12
-6.89994e-12
-6.90027e-12
-6.90061e-12
-6.90094e-12
-6.90128e-12
-6.90162e-12
-6.90196e-12
-6.9023e-12
-6.90265e-12
-6.903e-12
-6.90335e-12
-6.9037e-12
-6.90405e-12
-6.90441e-12
-6.90476e-12
-6.90512e-12
-6.90549e-12
-6.90585e-12
-6.90622e-12
-6.90659e-12
-6.90696e-12
-6.90733e-12
-6.90771e-12
-6.90809e-12
-6.90847e-12
-6.90885e-12
-6.90924e-12
-6.90962e-12
-6.91001e-12
-6.91041e-12
-6.9108e-12
-6.9112e-12
-6.9116e-12
-6.912e-12
-6.91241e-12
-6.91281e-12
-6.91322e-12
-6.91364e-12
-6.91405e-12
-6.91447e-12
-6.91489e-12
-6.91531e-12
-6.91574e-12
-6.91617e-12
-6.9166e-12
-6.91703e-12
-6.91747e-12
-6.91791e-12
-6.91835e-12
-6.91879e-12
-6.91924e-12
-6.91969e-12
-6.92015e-12
-6.9206e-12
-6.92106e-12
-6.92152e-12
-6.92199e-12
-6.92246e-12
-6.92293e-12
-6.9234e-12
-6.92388e-12
-6.92436e-12
-6.92485e-12
-6.92533e-12
-6.92582e-12
-6.92632e-12
-6.92681e-12
-6.92731e-12
-6.92781e-12
-6.92832e-12
-6.92883e-12
-6.92934e-12
-6.92986e-12
-6.93038e-12
-6.9309e-12
-6.93143e-12
-6.93196e-12
-6.9325e-12
-6.93303e-12
-6.93357e-12
-6.93412e-12
-6.93467e-12
-6.93522e-12
-6.93578e-12
-6.93634e-12
-6.9369e-12
-6.93747e-12
-6.93804e-12
-6.93861e-12
-6.93919e-12
-6.93978e-12
-6.94036e-12
-6.94096e-12
-6.94155e-12
-6.94215e-12
-6.94275e-12
-6.94336e-12
-6.94397e-12
-6.94459e-12
-6.94521e-12
-6.94584e-12
-6.94647e-12
-6.9471e-12
-6.94774e-12
-6.94838e-12
-6.94903e-12
-6.94968e-12
-6.95034e-12
-6.951e-12
-6.95167e-12
-6.95234e-12
-6.95302e-12
-6.9537e-12
-6.95438e-12
-6.95507e-12
-6.95577e-12
-6.95647e-12
-6.95718e-12
-6.95789e-12
-6.95861e-12
-6.95933e-12
-6.96006e-12
-6.96079e-12
-6.96153e-12
-6.96227e-12
-6.96302e-12
-6.96377e-12
-6.96454e-12
-6.9653e-12
-6.96607e-12
-6.96685e-12
-6.96764e-12
-6.96843e-12
-6.96922e-12
-6.97003e-12
-6.97083e-12
-6.97165e-12
-6.97247e-12
-6.9733e-12
-6.97413e-12
-6.97497e-12
-6.97582e-12
-6.97667e-12
-6.97753e-12
-6.9784e-12
-6.97927e-12
-6.98015e-12
-6.98104e-12
-6.98194e-12
-6.98284e-12
-6.98375e-12
-6.98467e-12
-6.98559e-12
-6.98652e-12
-6.98746e-12
-6.98841e-12
-6.98937e-12
-6.99033e-12
-6.9913e-12
-6.99228e-12
-6.99327e-12
-6.99426e-12
-6.99527e-12
-6.99628e-12
-6.9973e-12
-6.99833e-12
-6.99937e-12
-7.00041e-12
-7.00147e-12
-7.00253e-12
-7.00361e-12
-7.00469e-12
-7.00578e-12
-7.00689e-12
-7.008e-12
-7.00912e-12
-7.01025e-12
-7.01139e-12
-7.01255e-12
-7.01371e-12
-7.01488e-12
-7.01606e-12
-7.01726e-12
-7.01846e-12
-7.01968e-12
-7.0209e-12
-7.02214e-12
-7.02339e-12
-7.02465e-12
-7.02592e-12
-7.02721e-12
-7.0285e-12
-7.02981e-12
-7.03113e-12
-7.03247e-12
-7.03381e-12
-7.03517e-12
-7.03654e-12
-7.03793e-12
-7.03932e-12
-7.04073e-12
-7.04216e-12
-7.0436e-12
-7.04505e-12
-7.04652e-12
-7.048e-12
-7.0495e-12
-7.05101e-12
-7.05254e-12
-7.05408e-12
-7.05564e-12
-7.05721e-12
-7.0588e-12
-7.0604e-12
-7.06203e-12
-7.06367e-12
-7.06532e-12
-7.067e-12
-7.06869e-12
-7.0704e-12
-7.07212e-12
-7.07387e-12
-7.07563e-12
-7.07741e-12
-7.07922e-12
-7.08104e-12
-7.08288e-12
-7.08474e-12
-7.08662e-12
-7.08853e-12
-7.09045e-12
-7.0924e-12
-7.09437e-12
-7.09636e-12
-7.09837e-12
-7.1004e-12
-7.10246e-12
-7.10454e-12
-7.10665e-12
-7.10878e-12
-7.11094e-12
-7.11312e-12
-7.11533e-12
-7.11756e-12
-7.11982e-12
-7.12211e-12
-7.12443e-12
-7.12677e-12
-7.12914e-12
-7.13155e-12
-7.13398e-12
-7.13644e-12
-7.13894e-12
-7.14146e-12
-7.14402e-12
-7.14661e-12
-7.14923e-12
-7.15189e-12
-7.15458e-12
-7.15731e-12
-7.16007e-12
-7.16287e-12
-7.16571e-12
-7.16858e-12
-7.1715e-12
-7.17445e-12
-7.17745e-12
-7.18048e-12
-7.18356e-12
-7.18668e-12
-7.18985e-12
-7.19306e-12
-7.19632e-12
-7.19962e-12
-7.20297e-12
-7.20637e-12
-7.20982e-12
-7.21332e-12
-7.21688e-12
-7.22048e-12
-7.22415e-12
-7.22787e-12
-7.23164e-12
-7.23547e-12
-7.23937e-12
-7.24332e-12
-7.24734e-12
-7.25143e-12
-7.25557e-12
-7.25979e-12
-7.26408e-12
-7.26843e-12
-7.27286e-12
-7.27736e-12
-7.28194e-12
-7.2866e-12
-7.29134e-12
-7.29616e-12
-7.30107e-12
-7.30606e-12
-7.31114e-12
-7.31632e-12
-7.32159e-12
-7.32695e-12
-7.33242e-12
-7.33799e-12
-7.34366e-12
-7.34944e-12
-7.35534e-12
-7.36135e-12
-7.36747e-12
-7.37372e-12
-7.3801e-12
-7.3866e-12
-7.39324e-12
-7.40002e-12
-7.40694e-12
-7.41401e-12
-7.42122e-12
-7.4286e-12
-7.43614e-12
-7.44384e-12
-7.45172e-12
-7.45978e-12
-7.46802e-12
-7.47645e-12
-7.48509e-12
-7.49393e-12
-7.50299e-12
-7.51227e-12
-7.52178e-12
-7.53153e-12
-7.54152e-12
-7.55178e-12
-7.56231e-12
-7.57312e-12
-7.58422e-12
-7.59562e-12
-7.60735e-12
-7.6194e-12
-7.6318e-12
-7.64457e-12
-7.65771e-12
-7.67125e-12
-7.6852e-12
-7.69959e-12
-7.71443e-12
-7.72976e-12
-7.74559e-12
-7.76195e-12
-7.77887e-12
-7.79637e-12
-7.8145e-12
-7.83328e-12
-7.85276e-12
-7.87297e-12
-7.89396e-12
-7.91578e-12
-7.93847e-12
-7.9621e-12
-7.98673e-12
-8.01242e-12
-8.03925e-12
-8.06731e-12
-8.09667e-12
-8.12744e-12
-8.15973e-12
-8.19366e-12
-8.22936e-12
-8.267e-12
-8.30673e-12
-8.34874e-12
-8.39327e-12
-8.44054e-12
-8.49085e-12
-8.54451e-12
-8.60189e-12
-8.66343e-12
-8.72963e-12
-8.80108e-12
-8.87849e-12
-8.96269e-12
-9.0547e-12
-9.15576e-12
-9.26741e-12
-9.39156e-12
-9.53066e-12
-9.68789e-12
-9.86746e-12
-1.00751e-11
-1.03187e-11
-1.061e-11
-1.09667e-11
-1.14174e-11
-1.20124e-11
-1.28506e-11
-1.41668e-11
-1.67467e-11
-2.89795e-11
-9.07468e-13
-7.11203e-12
-1.04056e-11
-1.28088e-11
-1.48425e-11
-1.6742e-11
-1.86706e-11
-2.08093e-11
-2.34751e-11
-2.75596e-11
-3.99538e-11
-1.56309e-11
-2.53901e-11
-3.27372e-11
-4.47003e-11
-2.42531e-11
-3.99753e-11
-6.93558e-11
-4.15434e-11
-7.33627e-11
-4.99533e-11
-2.88449e-11
-6.89584e-11
-5.68333e-11
-4.49257e-11
-1.38521e-11
-8.3026e-11
-7.31132e-11
-6.6534e-11
-6.05204e-11
-5.39274e-11
-4.55136e-11
-3.24628e-11
-9.75563e-12
-9.057e-11
-8.53204e-11
-7.87404e-11
-7.2519e-11
-6.61356e-11
-5.88861e-11
-4.95024e-11
-3.44107e-11
-1.48237e-11
-8.48043e-11
-7.63836e-11
-6.71548e-11
-5.66858e-11
-4.15019e-11
-1.14876e-11
-8.09223e-11
-7.04172e-11
-5.8269e-11
-4.06987e-11
-2.47761e-11
-7.56698e-11
-6.2877e-11
-4.61102e-11
-1.05888e-11
-7.45503e-11
-6.06102e-11
-4.05018e-11
-5.88856e-11
-6.83552e-11
-5.16104e-11
-1.63852e-11
-7.21626e-11
-5.63426e-11
-2.79989e-11
-7.26526e-11
-5.75216e-11
-2.97234e-11
-7.1593e-11
-5.58745e-11
-2.40805e-11
-6.9361e-11
-5.14224e-11
-9.55676e-12
-6.48044e-11
-4.32131e-11
-6.15006e-11
-5.76081e-11
-2.66779e-11
-6.67824e-11
-4.67228e-11
-4.19461e-11
-5.74207e-11
-2.51936e-11
-6.47091e-11
-4.25755e-11
-6.32811e-11
-5.2063e-11
-7.44843e-12
-5.85998e-11
-2.78807e-11
-6.32099e-11
-3.95485e-11
-6.44295e-11
-4.65884e-11
-4.88265e-11
-5.14374e-11
-6.48731e-12
-5.49691e-11
-1.52452e-11
-5.75499e-11
-2.44148e-11
-5.93488e-11
-3.00558e-11
-6.0465e-11
-3.35319e-11
-6.10013e-11
-3.55794e-11
-6.10982e-11
-3.65614e-11
-6.0914e-11
-3.66533e-11
-6.05573e-11
-3.59189e-11
-6.00331e-11
-3.43343e-11
-5.92574e-11
-3.17762e-11
-5.81216e-11
-2.79729e-11
-5.65438e-11
-2.23931e-11
-5.44744e-11
-1.41654e-11
-5.18702e-11
-4.91481e-12
-4.86555e-11
-2.62285e-11
-4.46714e-11
-5.41571e-11
-3.95858e-11
-5.79071e-11
-3.26791e-11
-5.59542e-11
-2.22397e-11
-5.21771e-11
-5.99769e-12
-4.72532e-11
-3.92432e-11
-4.09314e-11
-5.66113e-11
-3.20873e-11
-5.44871e-11
-1.73922e-11
-4.93571e-11
-1.14473e-11
-4.2495e-11
-5.50208e-11
-3.27787e-11
-5.38504e-11
-1.57785e-11
-4.78844e-11
-2.75109e-11
-3.95783e-11
-5.51329e-11
-2.66279e-11
-5.07178e-11
-3.46538e-12
-4.28663e-11
-5.3266e-11
-3.10998e-11
-5.18408e-11
-7.92131e-12
-4.40273e-11
-5.07395e-11
-3.21839e-11
-5.17455e-11
-8.40345e-12
-4.35357e-11
-5.11087e-11
-3.06484e-11
-5.0634e-11
-4.19327e-12
-4.14763e-11
-5.27928e-11
-2.62087e-11
-4.83779e-11
-1.01085e-11
-3.75949e-11
-5.24906e-11
-1.71535e-11
-4.46753e-11
-4.59454e-11
-3.10117e-11
-4.95978e-11
-2.59398e-12
-3.89876e-11
-5.21005e-11
-1.88707e-11
-4.44443e-11
-4.55282e-11
-2.97807e-11
-4.84106e-11
-4.59712e-12
-3.65141e-11
-5.09501e-11
-1.12729e-11
-4.1225e-11
-5.08217e-11
-2.24104e-11
-4.47379e-11
-4.19551e-11
-2.93683e-11
-4.73867e-11
-1.07098e-11
-3.40824e-11
-4.92664e-11
-3.48215e-12
-3.74884e-11
-5.03033e-11
-1.15542e-11
-4.00335e-11
-5.02584e-11
-1.79739e-11
-4.19541e-11
-4.87233e-11
-2.2352e-11
-4.33873e-11
-4.52145e-11
-2.53389e-11
-4.44207e-11
-3.95828e-11
-2.73522e-11
-4.51152e-11
-3.27632e-11
-2.86313e-11
-4.55163e-11
-2.6843e-11
-2.93135e-11
-4.56574e-11
-2.36218e-11
-2.94744e-11
-4.55603e-11
-2.37162e-11
-2.91478e-11
-4.52344e-11
-2.69867e-11
-2.83338e-11
-4.4677e-11
-3.2575e-11
-2.69988e-11
-4.38755e-11
-3.87106e-11
-2.50675e-11
-4.28092e-11
-4.36414e-11
-2.24048e-11
-4.145e-11
-4.66703e-11
-1.87833e-11
-3.97597e-11
-4.79662e-11
-1.38483e-11
-3.76831e-11
-4.79586e-11
-7.28931e-12
-3.51348e-11
-4.70213e-11
-1.38587e-12
-3.19743e-11
-4.53996e-11
-1.38056e-11
-2.79581e-11
-4.32211e-11
-3.8685e-11
-2.26407e-11
-4.05156e-11
-4.652e-11
-1.51916e-11
-3.72195e-11
-4.71903e-11
-4.86398e-12
-3.31484e-11
-4.54594e-11
-7.72877e-12
-2.79111e-11
-4.26201e-11
-4.00142e-11
-2.06831e-11
-3.89796e-11
-4.67849e-11
-9.84489e-12
-3.44431e-11
-4.57158e-11
-2.38689e-12
-2.85619e-11
-4.25553e-11
-3.88303e-11
-2.02377e-11
-3.83012e-11
-4.64911e-11
-7.23298e-12
-3.28783e-11
-4.46081e-11
-1.25668e-11
-2.55366e-11
-4.05738e-11
-4.45218e-11
-1.42599e-11
-3.52549e-11
-4.55088e-11
-1.12203e-12
-2.81665e-11
-4.1715e-11
-4.07496e-11
-1.74907e-11
-3.62966e-11
-4.56618e-11
-1.36928e-12
-2.90452e-11
-4.19639e-11
-3.86638e-11
-1.8074e-11
-3.62522e-11
-4.5439e-11
-1.19034e-12
-2.84889e-11
-4.14279e-11
-4.04077e-11
-1.63752e-11
-3.51924e-11
-4.48723e-11
-1.40796e-12
-2.64984e-11
-4.0092e-11
-4.35916e-11
-1.20944e-11
-3.30494e-11
-4.36674e-11
-1.47434e-11
-2.27609e-11
-3.78438e-11
-4.50612e-11
-4.61444e-12
-2.95796e-11
-4.15237e-11
-3.78222e-11
-1.64028e-11
-3.44731e-11
-4.41029e-11
-4.46531e-12
-2.41854e-11
-3.82469e-11
-4.4591e-11
-5.71184e-12
-2.95509e-11
-4.12181e-11
-3.81702e-11
-1.53442e-11
-3.35655e-11
-4.34068e-11
-1.14636e-11
-2.20086e-11
-3.67258e-11
-4.44581e-11
-1.45031e-12
-2.6736e-11
-3.92704e-11
-4.31477e-11
-8.92031e-12
-3.02927e-11
-4.13018e-11
-3.5791e-11
-1.54757e-11
-3.30799e-11
-4.28304e-11
-1.64578e-11
-2.02237e-11
-3.53166e-11
-4.37826e-11
-1.47196e-12
-2.37319e-11
-3.71295e-11
-4.3989e-11
-2.17432e-12
-2.63969e-11
-3.85954e-11
-4.31686e-11
-6.51237e-12
-2.84554e-11
-3.97641e-11
-4.09441e-11
-1.03812e-11
-3.00513e-11
-4.06713e-11
-3.698e-11
-1.33302e-11
-3.12754e-11
-4.13467e-11
-3.1361e-11
-1.54828e-11
-3.21872e-11
-4.18185e-11
-2.50262e-11
-1.69919e-11
-3.28265e-11
-4.21155e-11
-1.94928e-11
-1.79695e-11
-3.322e-11
-4.22645e-11
-1.58329e-11
-1.84886e-11
-3.33853e-11
-4.22874e-11
-1.4297e-11
-1.85919e-11
-3.3333e-11
-4.21964e-11
-1.48044e-11
-1.82986e-11
-3.30677e-11
-4.19918e-11
-1.73276e-11
-1.76074e-11
-3.25886e-11
-4.16628e-11
-2.17647e-11
-1.64971e-11
-3.18897e-11
-4.11911e-11
-2.74846e-11
-1.49248e-11
-3.09592e-11
-4.05556e-11
-3.32304e-11
-1.28242e-11
-2.9778e-11
-3.97361e-11
-3.78254e-11
-1.01116e-11
-2.83175e-11
-3.8715e-11
-4.08029e-11
-6.73803e-12
-2.65353e-11
-3.7476e-11
-4.22897e-11
-2.96414e-12
-2.43684e-11
-3.60019e-11
-4.26226e-11
-6.30068e-13
-2.17216e-11
-3.42699e-11
-4.21199e-11
-6.56341e-12
-1.84504e-11
-3.22463e-11
-4.10134e-11
-2.45087e-11
-1.43394e-11
-2.98782e-11
-3.94497e-11
-3.73559e-11
-9.1316e-12
-2.70818e-11
-3.75077e-11
-4.17358e-11
-3.09049e-12
-2.37215e-11
-3.5213e-11
-4.22044e-11
-1.70816e-12
-1.95753e-11
-3.25439e-11
-4.09899e-11
-2.16876e-11
-1.42847e-11
-2.94274e-11
-3.89326e-11
-3.84226e-11
-7.43729e-12
-2.57197e-11
-3.63364e-11
-4.20302e-11
-8.53796e-13
-2.11622e-11
-3.32755e-11
-4.12542e-11
-1.45782e-11
-1.53027e-11
-2.96922e-11
-3.89638e-11
-3.76073e-11
-7.53882e-12
-2.54049e-11
-3.59375e-11
-4.18953e-11
-7.04696e-13
-2.00514e-11
-3.23433e-11
-4.06039e-11
-2.29396e-11
-1.2971e-11
-2.80935e-11
-3.77042e-11
-4.04495e-11
-3.73391e-12
-2.28887e-11
-3.40403e-11
-4.13887e-11
-7.50531e-12
-1.61124e-11
-2.96965e-11
-3.87396e-11
-3.73492e-11
-6.83417e-12
-2.44247e-11
-3.49638e-11
-4.1574e-11
-2.30504e-12
-1.76155e-11
-3.04316e-11
-3.91667e-11
-3.46995e-11
-8.18285e-12
-2.49361e-11
-3.52084e-11
-4.15073e-11
-1.5638e-12
-1.78213e-11
-3.03986e-11
-3.90668e-11
-3.47006e-11
-7.86209e-12
-2.45339e-11
-3.48147e-11
-4.13605e-11
-2.75406e-12
-1.68376e-11
-2.96277e-11
-3.84495e-11
-3.72127e-11
-5.96224e-12
-2.32242e-11
-3.3779e-11
-4.09632e-11
-8.85734e-12
-1.4597e-11
-2.80938e-11
-3.72588e-11
-3.99992e-11
-2.74771e-12
-2.09134e-11
-3.20601e-11
-3.99924e-11
-2.39758e-11
-1.08568e-11
-2.57082e-11
-3.54139e-11
-4.11551e-11
-1.17255e-12
-1.73678e-11
-2.9576e-11
-3.82349e-11
-3.70614e-11
-5.35346e-12
-2.22803e-11
-3.2831e-11
-4.03455e-11
-1.66684e-11
-1.21256e-11
-2.6172e-11
-3.56273e-11
-4.09611e-11
-9.9799e-13
-1.74201e-11
-2.93916e-11
-3.8003e-11
-3.73761e-11
-4.72147e-12
-2.15363e-11
-3.21356e-11
-3.98613e-11
-2.25315e-11
-1.03806e-11
-2.48538e-11
-3.45114e-11
-4.08595e-11
-3.67715e-12
-1.50093e-11
-2.76128e-11
-3.65677e-11
-4.00915e-11
-1.60508e-12
-1.8672e-11
-2.99593e-11
-3.83035e-11
-3.53625e-11
-5.56296e-12
-2.16255e-11
-3.19831e-11
-3.96643e-11
-2.32531e-11
-9.68319e-12
-2.40577e-11
-3.37388e-11
-4.05247e-11
-7.9751e-12
-1.31111e-11
-2.60921e-11
-3.52591e-11
-4.06574e-11
-1.46093e-12
-1.588e-11
-2.78098e-11
-3.65619e-11
-3.96985e-11
-1.70944e-12
-1.81193e-11
-2.92649e-11
-3.76562e-11
-3.71508e-11
-3.89291e-12
-1.9937e-11
-3.04943e-11
-3.85462e-11
-3.25605e-11
-6.2213e-12
-2.14115e-11
-3.15235e-11
-3.92369e-11
-2.60438e-11
-8.23751e-12
-2.25977e-11
-3.23708e-11
-3.97381e-11
-1.88367e-11
-9.8638e-12
-2.35345e-11
-3.30495e-11
-4.00681e-11
-1.26949e-11
-1.11175e-11
-2.42492e-11
-3.35696e-11
-4.02561e-11
-8.49209e-12
-1.20334e-11
-2.47611e-11
-3.39387e-11
-4.03391e-11
-6.03537e-12
-1.26433e-11
-2.50836e-11
-3.41626e-11
-4.03563e-11
-4.79736e-12
-1.29713e-11
-2.52259e-11
-3.42451e-11
-4.03398e-11
-4.37708e-12
-1.30335e-11
-2.51936e-11
-3.41885e-11
-4.03056e-11
-4.60441e-12
-1.28391e-11
-2.49896e-11
-3.39934e-11
-4.02495e-11
-5.53301e-12
-1.23907e-11
-2.46141e-11
-3.3659e-11
-4.0148e-11
-7.42456e-12
-1.16853e-11
-2.40649e-11
-3.31833e-11
-3.99656e-11
-1.06943e-11
-1.07155e-11
-2.33372e-11
-3.25632e-11
-3.96636e-11
-1.56762e-11
-9.47125e-12
-2.24231e-11
-3.17949e-11
-3.92091e-11
-2.20999e-11
-7.94662e-12
-2.13109e-11
-3.08736e-11
-3.85791e-11
-2.87618e-11
-6.1572e-12
-1.99843e-11
-2.97933e-11
-3.77615e-11
-3.42196e-11
-4.19117e-12
-1.84208e-11
-2.85461e-11
-3.67537e-11
-3.77894e-11
-2.35782e-12
-1.65903e-11
-2.71213e-11
