0.0, 0.0
0.0165925, 0
1, 0

0.0, 0.0
0.0257184, 0.00438908
0.999999, 0.00106468

0.0, 0.0
0.0330976, 0.0085173
0.999998, 0.00212936

0.0, 0.0
0.0395161, 0.012406
0.999995, 0.00319403

0.0, 0.0
0.0452991, 0.0160977
0.999991, 0.00425871

0.0, 0.0
0.0506193, 0.0196262
0.999986, 0.00532337

0.0, 0.0
0.0555816, 0.0230164
0.99998, 0.00638804

0.0, 0.0
0.0602557, 0.0262876
0.999972, 0.00745269

0.0, 0.0
0.0646907, 0.0294547
0.999964, 0.00851734

0.0, 0.0
0.0689228, 0.0325296
0.999954, 0.00958197

0.0, 0.0
0.0729797, 0.0355218
0.999943, 0.0106466

0.0, 0.0
0.076883, 0.0384394
0.999931, 0.0117112

0.0, 0.0
0.0806502, 0.041289
0.999918, 0.0127758

0.0, 0.0
0.0842955, 0.0440761
0.999904, 0.0138404

0.0, 0.0
0.0878308, 0.0468058
0.999889, 0.014905

0.0, 0.0
0.0912659, 0.0494821
0.999872, 0.0159695

0.0, 0.0
0.0946094, 0.0521087
0.999855, 0.0170341

0.0, 0.0
0.0978686, 0.0546889
0.999836, 0.0180986

0.0, 0.0
0.10105, 0.0572254
0.999816, 0.0191631

0.0, 0.0
0.104158, 0.059721
0.999795, 0.0202275

0.0, 0.0
0.1072, 0.0621778
0.999773, 0.021292

0.0, 0.0
0.110178, 0.0645979
0.99975, 0.0223564

0.0, 0.0
0.113096, 0.0669832
0.999726, 0.0234208

0.0, 0.0
0.115959, 0.0693354
0.9997, 0.0244852

0.0, 0.0
0.118768, 0.071656
0.999674, 0.0255495

0.0, 0.0
0.121528, 0.0739465
0.999646, 0.0266139

0.0, 0.0
0.124241, 0.0762081
0.999617, 0.0276781

0.0, 0.0
0.126908, 0.0784421
0.999587, 0.0287424

0.0, 0.0
0.129533, 0.0806496
0.999556, 0.0298066

0.0, 0.0
0.132116, 0.0828316
0.999523, 0.0308708

0.0, 0.0
0.134661, 0.084989
0.99949, 0.031935

0.0, 0.0
0.137168, 0.0871228
0.999455, 0.0329991

0.0, 0.0
0.139639, 0.0892339
0.99942, 0.0340632

0.0, 0.0
0.142076, 0.0913229
0.999383, 0.0351272

0.0, 0.0
0.14448, 0.0933906
0.999345, 0.0361912

0.0, 0.0
0.146852, 0.0954378
0.999306, 0.0372552

0.0, 0.0
0.149193, 0.097465
0.999266, 0.0383191

0.0, 0.0
0.151505, 0.0994729
0.999224, 0.039383

0.0, 0.0
0.153788, 0.101462
0.999182, 0.0404468

0.0, 0.0
0.156043, 0.103433
0.999138, 0.0415106

0.0, 0.0
0.158272, 0.105386
0.999093, 0.0425743

0.0, 0.0
0.160475, 0.107322
0.999047, 0.043638

0.0, 0.0
0.162653, 0.109241
0.999, 0.0447017

0.0, 0.0
0.164807, 0.111144
0.998952, 0.0457652

0.0, 0.0
0.166937, 0.113031
0.998903, 0.0468288

0.0, 0.0
0.169045, 0.114903
0.998853, 0.0478923

0.0, 0.0
0.17113, 0.116759
0.998801, 0.0489557

0.0, 0.0
0.173193, 0.118601
0.998748, 0.0500191

0.0, 0.0
0.175236, 0.120428
0.998694, 0.0510824

0.0, 0.0
0.177258, 0.122242
0.998639, 0.0521457

0.0, 0.0
0.17926, 0.124041
0.998583, 0.0532089

0.0, 0.0
0.181243, 0.125827
0.998526, 0.054272

0.0, 0.0
0.183207, 0.1276
0.998468, 0.0553351

0.0, 0.0
0.185152, 0.12936
0.998408, 0.0563981

0.0, 0.0
0.18708, 0.131108
0.998348, 0.0574611

0.0, 0.0
0.18899, 0.132843
0.998286, 0.0585239

0.0, 0.0
0.190882, 0.134566
0.998223, 0.0595868

0.0, 0.0
0.192758, 0.136277
0.998159, 0.0606495

0.0, 0.0
0.194618, 0.137977
0.998094, 0.0617122

0.0, 0.0
0.196461, 0.139665
0.998028, 0.0627748

0.0, 0.0
0.198289, 0.141342
0.99796, 0.0638374

0.0, 0.0
0.200101, 0.143008
0.997892, 0.0648998

0.0, 0.0
0.201898, 0.144663
0.997822, 0.0659622

0.0, 0.0
0.20368, 0.146307
0.997751, 0.0670246

0.0, 0.0
0.205448, 0.147941
0.997679, 0.0680868

0.0, 0.0
0.207202, 0.149565
0.997606, 0.069149

0.0, 0.0
0.208942, 0.151179
0.997532, 0.0702111

0.0, 0.0
0.210668, 0.152783
0.997457, 0.0712731

0.0, 0.0
0.212381, 0.154377
0.99738, 0.072335

0.0, 0.0
0.21408, 0.155962
0.997303, 0.0733969

0.0, 0.0
0.215767, 0.157537
0.997224, 0.0744586

0.0, 0.0
0.217441, 0.159103
0.997144, 0.0755203

0.0, 0.0
0.219103, 0.16066
0.997063, 0.0765819

0.0, 0.0
0.220752, 0.162208
0.996981, 0.0776434

0.0, 0.0
0.222389, 0.163746
0.996898, 0.0787048

0.0, 0.0
0.224015, 0.165277
0.996814, 0.0797662

0.0, 0.0
0.225629, 0.166798
0.996728, 0.0808274

0.0, 0.0
0.227231, 0.168311
0.996641, 0.0818886

0.0, 0.0
0.228822, 0.169816
0.996554, 0.0829496

0.0, 0.0
0.230402, 0.171313
0.996465, 0.0840106

0.0, 0.0
0.231971, 0.172801
0.996375, 0.0850715

0.0, 0.0
0.23353, 0.174282
0.996284, 0.0861322

0.0, 0.0
0.235078, 0.175754
0.996191, 0.0871929

0.0, 0.0
0.236615, 0.177219
0.996098, 0.0882535

0.0, 0.0
0.238142, 0.178676
0.996004, 0.0893139

0.0, 0.0
0.239659, 0.180125
0.995908, 0.0903743

0.0, 0.0
0.241167, 0.181567
0.995811, 0.0914346

0.0, 0.0
0.242664, 0.183001
0.995713, 0.0924948

0.0, 0.0
0.244151, 0.184429
0.995614, 0.0935548

0.0, 0.0
0.24563, 0.185848
0.995514, 0.0946148

0.0, 0.0
0.247098, 0.187261
0.995413, 0.0956746

0.0, 0.0
0.248558, 0.188667
0.99531, 0.0967344

0.0, 0.0
0.250008, 0.190066
0.995207, 0.097794

0.0, 0.0
0.251449, 0.191458
0.995102, 0.0988535

0.0, 0.0
0.252881, 0.192843
0.994996, 0.0999129

0.0, 0.0
0.254305, 0.194221
0.994889, 0.100972

0.0, 0.0
0.25572, 0.195593
0.994781, 0.102031

0.0, 0.0
0.257126, 0.196958
0.994672, 0.10309

0.0, 0.0
0.258524, 0.198316
0.994562, 0.104149

0.0, 0.0
0.259913, 0.199668
0.99445, 0.105208

0.0, 0.0
0.261294, 0.201014
0.994338, 0.106267

0.0, 0.0
0.262667, 0.202353
0.994224, 0.107326

0.0, 0.0
0.264032, 0.203687
0.994109, 0.108384

0.0, 0.0
0.265389, 0.205014
0.993993, 0.109442

0.0, 0.0
0.266738, 0.206335
0.993876, 0.110501

0.0, 0.0
0.268079, 0.20765
0.993758, 0.111559

0.0, 0.0
0.269413, 0.208959
0.993639, 0.112617

0.0, 0.0
0.270739, 0.210262
0.993518, 0.113675

0.0, 0.0
0.272057, 0.211559
0.993396, 0.114732

0.0, 0.0
0.273368, 0.21285
0.993274, 0.11579

0.0, 0.0
0.274672, 0.214136
0.99315, 0.116847

0.0, 0.0
0.275969, 0.215416
0.993025, 0.117905

0.0, 0.0
0.277258, 0.21669
0.992899, 0.118962

0.0, 0.0
0.27854, 0.217958
0.992772, 0.120019

0.0, 0.0
0.279815, 0.219222
0.992643, 0.121076

0.0, 0.0
0.281083, 0.220479
0.992514, 0.122133

0.0, 0.0
0.282344, 0.221731
0.992383, 0.123189

0.0, 0.0
0.283599, 0.222978
0.992251, 0.124246

0.0, 0.0
0.284846, 0.22422
0.992119, 0.125302

0.0, 0.0
0.286087, 0.225456
0.991985, 0.126358

0.0, 0.0
0.287322, 0.226687
0.99185, 0.127414

0.0, 0.0
0.288549, 0.227913
0.991713, 0.12847

0.0, 0.0
0.289771, 0.229133
0.991576, 0.129526

0.0, 0.0
0.290986, 0.230349
0.991438, 0.130582

0.0, 0.0
0.292194, 0.23156
0.991298, 0.131637

0.0, 0.0
0.293396, 0.232765
0.991157, 0.132692

0.0, 0.0
0.294592, 0.233965
0.991015, 0.133748

0.0, 0.0
0.295782, 0.235161
0.990872, 0.134803

0.0, 0.0
0.296966, 0.236352
0.990728, 0.135858

0.0, 0.0
0.298143, 0.237537
0.990583, 0.136912

0.0, 0.0
0.299315, 0.238718
0.990437, 0.137967

0.0, 0.0
0.300481, 0.239895
0.990289, 0.139021

0.0, 0.0
0.30164, 0.241066
0.990141, 0.140076

0.0, 0.0
0.302794, 0.242233
0.989991, 0.14113

0.0, 0.0
0.303942, 0.243395
0.98984, 0.142184

0.0, 0.0
0.305085, 0.244552
0.989688, 0.143237

0.0, 0.0
0.306221, 0.245705
0.989535, 0.144291

0.0, 0.0
0.307352, 0.246853
0.989381, 0.145344

0.0, 0.0
0.308477, 0.247997
0.989226, 0.146398

0.0, 0.0
0.309597, 0.249137
0.989069, 0.147451

0.0, 0.0
0.310712, 0.250271
0.988912, 0.148504

0.0, 0.0
0.31182, 0.251402
0.988753, 0.149557

0.0, 0.0
0.312924, 0.252528
0.988593, 0.150609

0.0, 0.0
0.314022, 0.253649
0.988432, 0.151662

0.0, 0.0
0.315115, 0.254767
0.98827, 0.152714

0.0, 0.0
0.316202, 0.25588
0.988107, 0.153766

0.0, 0.0
0.317284, 0.256988
0.987943, 0.154818

0.0, 0.0
0.318361, 0.258093
0.987778, 0.15587

0.0, 0.0
0.319433, 0.259193
0.987611, 0.156921

0.0, 0.0
0.3205, 0.260289
0.987443, 0.157973

0.0, 0.0
0.321561, 0.261381
0.987275, 0.159024

0.0, 0.0
0.322618, 0.262469
0.987105, 0.160075

0.0, 0.0
0.323669, 0.263553
0.986934, 0.161126

0.0, 0.0
0.324716, 0.264632
0.986762, 0.162177

0.0, 0.0
0.325758, 0.265708
0.986589, 0.163227

0.0, 0.0
0.326795, 0.266779
0.986414, 0.164277

0.0, 0.0
0.327827, 0.267847
0.986239, 0.165328

0.0, 0.0
0.328854, 0.268911
0.986062, 0.166377

0.0, 0.0
0.329876, 0.26997
0.985884, 0.167427

0.0, 0.0
0.330894, 0.271026
0.985706, 0.168477

0.0, 0.0
0.331906, 0.272078
0.985526, 0.169526

0.0, 0.0
0.332915, 0.273126
0.985345, 0.170575

0.0, 0.0
0.333918, 0.27417
0.985162, 0.171624

0.0, 0.0
0.334917, 0.27521
0.984979, 0.172673

0.0, 0.0
0.335911, 0.276247
0.984795, 0.173722

0.0, 0.0
0.336901, 0.27728
0.984609, 0.17477

0.0, 0.0
0.337886, 0.278309
0.984423, 0.175818

0.0, 0.0
0.338867, 0.279334
0.984235, 0.176866

0.0, 0.0
0.339844, 0.280355
0.984046, 0.177914

0.0, 0.0
0.340815, 0.281373
0.983856, 0.178962

0.0, 0.0
0.341783, 0.282387
0.983665, 0.180009

0.0, 0.0
0.342746, 0.283398
0.983473, 0.181056

0.0, 0.0
0.343705, 0.284405
0.983279, 0.182103

0.0, 0.0
0.344659, 0.285408
0.983085, 0.18315

0.0, 0.0
0.34561, 0.286408
0.982889, 0.184197

0.0, 0.0
0.346555, 0.287404
0.982693, 0.185243

0.0, 0.0
0.347497, 0.288397
0.982495, 0.186289

0.0, 0.0
0.348435, 0.289386
0.982296, 0.187335

0.0, 0.0
0.349368, 0.290372
0.982096, 0.188381

0.0, 0.0
0.350297, 0.291354
0.981895, 0.189426

0.0, 0.0
0.351222, 0.292333
0.981693, 0.190471

0.0, 0.0
0.352143, 0.293308
0.981489, 0.191517

0.0, 0.0
0.35306, 0.29428
0.981285, 0.192561

0.0, 0.0
0.353973, 0.295248
0.981079, 0.193606

0.0, 0.0
0.354882, 0.296213
0.980873, 0.19465

0.0, 0.0
0.355787, 0.297175
0.980665, 0.195695

0.0, 0.0
0.356687, 0.298133
0.980456, 0.196739

0.0, 0.0
0.357584, 0.299088
0.980246, 0.197782

0.0, 0.0
0.358477, 0.30004
0.980035, 0.198826

0.0, 0.0
0.359366, 0.300988
0.979823, 0.199869

0.0, 0.0
0.360251, 0.301933
0.979609, 0.200912

0.0, 0.0
0.361133, 0.302875
0.979395, 0.201955

0.0, 0.0
0.36201, 0.303814
0.979179, 0.202998

0.0, 0.0
0.362884, 0.304749
0.978962, 0.20404

0.0, 0.0
0.363754, 0.305681
0.978745, 0.205082

0.0, 0.0
0.36462, 0.30661
0.978526, 0.206124

0.0, 0.0
0.365482, 0.307536
0.978306, 0.207166

0.0, 0.0
0.366341, 0.308458
0.978085, 0.208208

0.0, 0.0
0.367196, 0.309377
0.977862, 0.209249

0.0, 0.0
0.368047, 0.310294
0.977639, 0.21029

0.0, 0.0
0.368895, 0.311207
0.977415, 0.21133

0.0, 0.0
0.369738, 0.312117
0.977189, 0.212371

0.0, 0.0
0.370579, 0.313024
0.976962, 0.213411

0.0, 0.0
0.371415, 0.313927
0.976735, 0.214451

0.0, 0.0
0.372249, 0.314828
0.976506, 0.215491

0.0, 0.0
0.373078, 0.315726
0.976276, 0.216531

0.0, 0.0
0.373904, 0.316621
0.976045, 0.21757

0.0, 0.0
0.374726, 0.317512
0.975813, 0.218609

0.0, 0.0
0.375545, 0.318401
0.975579, 0.219648

0.0, 0.0
0.376361, 0.319286
0.975345, 0.220686

0.0, 0.0
0.377173, 0.320169
0.975109, 0.221725

0.0, 0.0
0.377981, 0.321049
0.974873, 0.222763

0.0, 0.0
0.378786, 0.321925
0.974635, 0.223801

0.0, 0.0
0.379588, 0.322799
0.974396, 0.224838

0.0, 0.0
0.380386, 0.32367
0.974156, 0.225875

0.0, 0.0
0.381181, 0.324538
0.973915, 0.226912

0.0, 0.0
0.381972, 0.325403
0.973673, 0.227949

0.0, 0.0
0.382761, 0.326265
0.97343, 0.228986

0.0, 0.0
0.383545, 0.327124
0.973185, 0.230022

0.0, 0.0
0.384327, 0.32798
0.97294, 0.231058

0.0, 0.0
0.385105, 0.328834
0.972693, 0.232094

0.0, 0.0
0.38588, 0.329684
0.972446, 0.233129

0.0, 0.0
0.386651, 0.330532
0.972197, 0.234164

0.0, 0.0
0.38742, 0.331377
0.971947, 0.235199

0.0, 0.0
0.388185, 0.332219
0.971696, 0.236234

0.0, 0.0
0.388947, 0.333058
0.971444, 0.237268

0.0, 0.0
0.389705, 0.333895
0.971191, 0.238303

0.0, 0.0
0.390461, 0.334729
0.970937, 0.239336

0.0, 0.0
0.391213, 0.33556
0.970681, 0.24037

0.0, 0.0
0.391962, 0.336388
0.970425, 0.241403

0.0, 0.0
0.392708, 0.337213
0.970167, 0.242436

0.0, 0.0
0.393451, 0.338036
0.969909, 0.243469

0.0, 0.0
0.39419, 0.338856
0.969649, 0.244502

0.0, 0.0
0.394927, 0.339673
0.969388, 0.245534

0.0, 0.0
0.39566, 0.340488
0.969126, 0.246566

0.0, 0.0
0.396391, 0.3413
0.968863, 0.247598

0.0, 0.0
0.397118, 0.342109
0.968599, 0.248629

0.0, 0.0
0.397842, 0.342916
0.968334, 0.24966

0.0, 0.0
0.398564, 0.34372
0.968067, 0.250691

0.0, 0.0
0.399282, 0.344521
0.9678, 0.251721

0.0, 0.0
0.399997, 0.345319
0.967531, 0.252752

0.0, 0.0
0.400709, 0.346115
0.967262, 0.253782

0.0, 0.0
0.401418, 0.346909
0.966991, 0.254811

0.0, 0.0
0.402125, 0.3477
0.966719, 0.255841

0.0, 0.0
0.402828, 0.348488
0.966446, 0.25687

0.0, 0.0
0.403528, 0.349273
0.966172, 0.257899

0.0, 0.0
0.404226, 0.350056
0.965897, 0.258927

0.0, 0.0
0.40492, 0.350836
0.965621, 0.259955

0.0, 0.0
0.405612, 0.351614
0.965343, 0.260983

0.0, 0.0
0.4063, 0.352389
0.965065, 0.262011

0.0, 0.0
0.406986, 0.353162
0.964785, 0.263038

0.0, 0.0
0.407669, 0.353932
0.964505, 0.264065

0.0, 0.0
0.408349, 0.3547
0.964223, 0.265092

0.0, 0.0
0.409026, 0.355465
0.96394, 0.266118

0.0, 0.0
0.4097, 0.356228
0.963656, 0.267145

0.0, 0.0
0.410372, 0.356988
0.963371, 0.26817

0.0, 0.0
0.41104, 0.357745
0.963085, 0.269196

0.0, 0.0
0.411706, 0.3585
0.962798, 0.270221

0.0, 0.0
0.412369, 0.359253
0.96251, 0.271246

0.0, 0.0
0.413029, 0.360003
0.962221, 0.272271

0.0, 0.0
0.413687, 0.360751
0.96193, 0.273295

0.0, 0.0
0.414342, 0.361496
0.961639, 0.274319

0.0, 0.0
0.414994, 0.362239
0.961346, 0.275343

0.0, 0.0
0.415643, 0.362979
0.961052, 0.276366

0.0, 0.0
0.416289, 0.363717
0.960758, 0.277389

0.0, 0.0
0.416933, 0.364452
0.960462, 0.278412

0.0, 0.0
0.417574, 0.365186
0.960165, 0.279434

0.0, 0.0
0.418213, 0.365916
0.959867, 0.280456

0.0, 0.0
0.418848, 0.366644
0.959568, 0.281478

0.0, 0.0
0.419481, 0.36737
0.959267, 0.2825

0.0, 0.0
0.420112, 0.368094
0.958966, 0.283521

0.0, 0.0
0.420739, 0.368815
0.958664, 0.284542

0.0, 0.0
0.421364, 0.369534
0.95836, 0.285562

0.0, 0.0
0.421987, 0.37025
0.958056, 0.286582

0.0, 0.0
0.422606, 0.370964
0.95775, 0.287602

0.0, 0.0
0.423224, 0.371676
0.957443, 0.288622

0.0, 0.0
0.423838, 0.372385
0.957135, 0.289641

0.0, 0.0
0.42445, 0.373092
0.956826, 0.29066

0.0, 0.0
0.425059, 0.373797
0.956516, 0.291678

0.0, 0.0
0.425666, 0.374499
0.956205, 0.292697

0.0, 0.0
0.42627, 0.375199
0.955893, 0.293714

0.0, 0.0
0.426872, 0.375897
0.95558, 0.294732

0.0, 0.0
0.427471, 0.376592
0.955266, 0.295749

0.0, 0.0
0.428067, 0.377285
0.95495, 0.296766

0.0, 0.0
0.428661, 0.377976
0.954634, 0.297783

0.0, 0.0
0.429253, 0.378665
0.954316, 0.298799

0.0, 0.0
0.429842, 0.379351
0.953997, 0.299815

0.0, 0.0
0.430428, 0.380035
0.953678, 0.30083

0.0, 0.0
0.431012, 0.380717
0.953357, 0.301845

0.0, 0.0
0.431593, 0.381396
0.953035, 0.30286

0.0, 0.0
0.432172, 0.382073
0.952712, 0.303875

0.0, 0.0
0.432749, 0.382748
0.952388, 0.304889

0.0, 0.0
0.433323, 0.383421
0.952063, 0.305903

0.0, 0.0
0.433894, 0.384092
0.951737, 0.306916

0.0, 0.0
0.434463, 0.38476
0.951409, 0.307929

0.0, 0.0
0.43503, 0.385426
0.951081, 0.308942

0.0, 0.0
0.435594, 0.38609
0.950751, 0.309955

0.0, 0.0
0.436156, 0.386752
0.950421, 0.310967

0.0, 0.0
0.436715, 0.387411
0.950089, 0.311978

0.0, 0.0
0.437272, 0.388068
0.949757, 0.31299

0.0, 0.0
0.437826, 0.388724
0.949423, 0.314001

0.0, 0.0
0.438379, 0.389376
0.949088, 0.315011

0.0, 0.0
0.438928, 0.390027
0.948752, 0.316022

0.0, 0.0
0.439476, 0.390676
0.948415, 0.317032

0.0, 0.0
0.440021, 0.391322
0.948077, 0.318041

0.0, 0.0
0.440563, 0.391966
0.947738, 0.31905

0.0, 0.0
0.441103, 0.392609
0.947398, 0.320059

0.0, 0.0
0.441641, 0.393249
0.947056, 0.321068

0.0, 0.0
0.442177, 0.393886
0.946714, 0.322076

0.0, 0.0
0.44271, 0.394522
0.94637, 0.323084

0.0, 0.0
0.443241, 0.395156
0.946026, 0.324091

0.0, 0.0
0.443769, 0.395787
0.94568, 0.325098

0.0, 0.0
0.444296, 0.396416
0.945334, 0.326105

0.0, 0.0
0.44482, 0.397044
0.944986, 0.327111

0.0, 0.0
0.445341, 0.397669
0.944637, 0.328117

0.0, 0.0
0.445861, 0.398292
0.944287, 0.329123

0.0, 0.0
0.446378, 0.398912
0.943936, 0.330128

0.0, 0.0
0.446892, 0.399531
0.943584, 0.331133

0.0, 0.0
0.447405, 0.400148
0.943231, 0.332137

0.0, 0.0
0.447915, 0.400763
0.942877, 0.333141

0.0, 0.0
0.448423, 0.401375
0.942522, 0.334145

0.0, 0.0
0.448929, 0.401986
0.942166, 0.335148

0.0, 0.0
0.449432, 0.402594
0.941808, 0.336151

0.0, 0.0
0.449933, 0.4032
0.94145, 0.337153

0.0, 0.0
0.450432, 0.403804
0.94109, 0.338156

0.0, 0.0
0.450929, 0.404407
0.94073, 0.339157

0.0, 0.0
0.451424, 0.405007
0.940368, 0.340159

0.0, 0.0
0.451916, 0.405605
0.940005, 0.34116

0.0, 0.0
0.452406, 0.406201
0.939642, 0.34216

0.0, 0.0
0.452894, 0.406795
0.939277, 0.343161

0.0, 0.0
0.45338, 0.407387
0.938911, 0.34416

0.0, 0.0
0.453863, 0.407977
0.938544, 0.34516

0.0, 0.0
0.454344, 0.408565
0.938176, 0.346159

0.0, 0.0
0.454824, 0.409151
0.937807, 0.347158

0.0, 0.0
0.455301, 0.409735
0.937437, 0.348156

0.0, 0.0
0.455775, 0.410317
0.937065, 0.349154

0.0, 0.0
0.456248, 0.410897
0.936693, 0.350151

0.0, 0.0
0.456719, 0.411475
0.93632, 0.351148

0.0, 0.0
0.457187, 0.412051
0.935945, 0.352145

0.0, 0.0
0.457653, 0.412624
0.93557, 0.353141

0.0, 0.0
0.458117, 0.413196
0.935194, 0.354137

0.0, 0.0
0.458579, 0.413766
0.934816, 0.355133

0.0, 0.0
0.459039, 0.414334
0.934437, 0.356128

0.0, 0.0
0.459497, 0.4149
0.934058, 0.357122

0.0, 0.0
0.459952, 0.415464
0.933677, 0.358117

0.0, 0.0
0.460406, 0.416026
0.933295, 0.35911

0.0, 0.0
0.460857, 0.416587
0.932912, 0.360104

0.0, 0.0
0.461306, 0.417145
0.932528, 0.361097

0.0, 0.0
0.461754, 0.417701
0.932143, 0.36209

0.0, 0.0
0.462199, 0.418255
0.931757, 0.363082

0.0, 0.0
0.462642, 0.418807
0.93137, 0.364074

0.0, 0.0
0.463083, 0.419358
0.930982, 0.365065

0.0, 0.0
0.463522, 0.419906
0.930593, 0.366056

0.0, 0.0
0.463958, 0.420453
0.930203, 0.367047

0.0, 0.0
0.464393, 0.420997
0.929811, 0.368037

0.0, 0.0
0.464826, 0.42154
0.929419, 0.369027

0.0, 0.0
0.465257, 0.422081
0.929025, 0.370016

0.0, 0.0
0.465685, 0.422619
0.928631, 0.371005

0.0, 0.0
0.466112, 0.423156
0.928235, 0.371993

0.0, 0.0
0.466536, 0.423691
0.927839, 0.372981

0.0, 0.0
0.466959, 0.424224
0.927441, 0.373969

0.0, 0.0
0.467379, 0.424755
0.927043, 0.374956

0.0, 0.0
0.467798, 0.425285
0.926643, 0.375943

0.0, 0.0
0.468214, 0.425812
0.926242, 0.376929

0.0, 0.0
0.468629, 0.426338
0.92584, 0.377915

0.0, 0.0
0.469041, 0.426861
0.925437, 0.378901

0.0, 0.0
0.469452, 0.427383
0.925033, 0.379886

0.0, 0.0
0.46986, 0.427903
0.924628, 0.38087

0.0, 0.0
0.470266, 0.428421
0.924222, 0.381855

0.0, 0.0
0.470671, 0.428937
0.923815, 0.382838

0.0, 0.0
0.471073, 0.429451
0.923407, 0.383822

0.0, 0.0
0.471474, 0.429963
0.922998, 0.384805

0.0, 0.0
0.471872, 0.430474
0.922588, 0.385787

0.0, 0.0
0.472269, 0.430982
0.922177, 0.386769

0.0, 0.0
0.472664, 0.431489
0.921764, 0.387751

0.0, 0.0
0.473056, 0.431994
0.921351, 0.388732

0.0, 0.0
0.473447, 0.432497
0.920936, 0.389713

0.0, 0.0
0.473836, 0.432998
0.920521, 0.390693

0.0, 0.0
0.474223, 0.433497
0.920105, 0.391673

0.0, 0.0
0.474608, 0.433995
0.919687, 0.392652

0.0, 0.0
0.474991, 0.434491
0.919268, 0.393631

0.0, 0.0
0.475372, 0.434984
0.918849, 0.39461

0.0, 0.0
0.475751, 0.435476
0.918428, 0.395588

0.0, 0.0
0.476128, 0.435967
0.918006, 0.396565

0.0, 0.0
0.476503, 0.436455
0.917584, 0.397543

0.0, 0.0
0.476876, 0.436942
0.91716, 0.398519

0.0, 0.0
0.477248, 0.437426
0.916735, 0.399496

0.0, 0.0
0.477617, 0.437909
0.916309, 0.400471

0.0, 0.0
0.477985, 0.43839
0.915882, 0.401447

0.0, 0.0
0.478351, 0.438869
0.915454, 0.402422

0.0, 0.0
0.478715, 0.439347
0.915025, 0.403396

0.0, 0.0
0.479077, 0.439823
0.914595, 0.40437

0.0, 0.0
0.479437, 0.440296
0.914164, 0.405344

0.0, 0.0
0.479795, 0.440769
0.913732, 0.406317

0.0, 0.0
0.480151, 0.441239
0.913299, 0.407289

0.0, 0.0
0.480506, 0.441707
0.912865, 0.408261

0.0, 0.0
0.480858, 0.442174
0.91243, 0.409233

0.0, 0.0
0.481209, 0.442639
0.911994, 0.410204

0.0, 0.0
0.481558, 0.443102
0.911556, 0.411175

0.0, 0.0
0.481905, 0.443563
0.911118, 0.412145

0.0, 0.0
0.48225, 0.444023
0.910679, 0.413115

0.0, 0.0
0.482594, 0.444481
0.910238, 0.414084

0.0, 0.0
0.482935, 0.444937
0.909797, 0.415053

0.0, 0.0
0.483275, 0.445391
0.909355, 0.416022

0.0, 0.0
0.483612, 0.445843
0.908911, 0.41699

0.0, 0.0
0.483948, 0.446294
0.908467, 0.417957

0.0, 0.0
0.484283, 0.446743
0.908021, 0.418924

0.0, 0.0
0.484615, 0.44719
0.907575, 0.419891

0.0, 0.0
0.484945, 0.447636
0.907127, 0.420857

0.0, 0.0
0.485274, 0.448079
0.906679, 0.421822

0.0, 0.0
0.485601, 0.448521
0.906229, 0.422787

0.0, 0.0
0.485926, 0.448962
0.905778, 0.423752

0.0, 0.0
0.486249, 0.4494
0.905327, 0.424716

0.0, 0.0
0.486571, 0.449837
0.904874, 0.42568

0.0, 0.0
0.48689, 0.450272
0.90442, 0.426643

0.0, 0.0
0.487208, 0.450705
0.903965, 0.427605

0.0, 0.0
0.487524, 0.451136
0.90351, 0.428568

0.0, 0.0
0.487839, 0.451566
0.903053, 0.429529

0.0, 0.0
0.488151, 0.451994
0.902595, 0.430491

0.0, 0.0
0.488462, 0.452421
0.902136, 0.431451

0.0, 0.0
0.488771, 0.452845
0.901676, 0.432412

0.0, 0.0
0.489078, 0.453268
0.901215, 0.433371

0.0, 0.0
0.489383, 0.453689
0.900754, 0.434331

0.0, 0.0
0.489687, 0.454109
0.900291, 0.435289

0.0, 0.0
0.489989, 0.454526
0.899827, 0.436248

0.0, 0.0
0.490289, 0.454942
0.899362, 0.437205

0.0, 0.0
0.490587, 0.455357
0.898896, 0.438163

0.0, 0.0
0.490884, 0.455769
0.898429, 0.439119

0.0, 0.0
0.491179, 0.45618
0.897961, 0.440076

0.0, 0.0
0.491472, 0.456589
0.897492, 0.441032

0.0, 0.0
0.491763, 0.456997
0.897022, 0.441987

0.0, 0.0
0.492053, 0.457402
0.89655, 0.442942

0.0, 0.0
0.492341, 0.457806
0.896078, 0.443896

0.0, 0.0
0.492627, 0.458209
0.895605, 0.44485

0.0, 0.0
0.492911, 0.45861
0.895131, 0.445803

0.0, 0.0
0.493194, 0.459009
0.894656, 0.446756

0.0, 0.0
0.493475, 0.459406
0.89418, 0.447708

0.0, 0.0
0.493754, 0.459802
0.893703, 0.44866

0.0, 0.0
0.494032, 0.460195
0.893224, 0.449611

0.0, 0.0
0.494308, 0.460588
0.892745, 0.450562

0.0, 0.0
0.494582, 0.460978
0.892265, 0.451512

0.0, 0.0
0.494854, 0.461367
0.891784, 0.452462

0.0, 0.0
0.495125, 0.461754
0.891302, 0.453411

0.0, 0.0
0.495394, 0.46214
0.890818, 0.45436

0.0, 0.0
0.495661, 0.462524
0.890334, 0.455308

0.0, 0.0
0.495927, 0.462906
0.889849, 0.456255

0.0, 0.0
0.496191, 0.463287
0.889363, 0.457203

0.0, 0.0
0.496453, 0.463666
0.888875, 0.458149

0.0, 0.0
0.496713, 0.464043
0.888387, 0.459095

0.0, 0.0
0.496972, 0.464418
0.887898, 0.460041

0.0, 0.0
0.497229, 0.464792
0.887407, 0.460986

0.0, 0.0
0.497485, 0.465165
0.886916, 0.461931

0.0, 0.0
0.497738, 0.465535
0.886424, 0.462875

0.0, 0.0
0.497991, 0.465904
0.88593, 0.463818

0.0, 0.0
0.498241, 0.466271
0.885436, 0.464761

0.0, 0.0
0.49849, 0.466637
0.884941, 0.465703

0.0, 0.0
0.498737, 0.467001
0.884444, 0.466645

0.0, 0.0
0.498982, 0.467364
0.883947, 0.467587

0.0, 0.0
0.499226, 0.467724
0.883449, 0.468528

0.0, 0.0
0.499468, 0.468083
0.88295, 0.469468

0.0, 0.0
0.499709, 0.468441
0.882449, 0.470408

0.0, 0.0
0.499948, 0.468797
0.881948, 0.471347

0.0, 0.0
0.500185, 0.469151
0.881446, 0.472286

0.0, 0.0
0.50042, 0.469503
0.880942, 0.473224

0.0, 0.0
0.500654, 0.469854
0.880438, 0.474162

0.0, 0.0
0.500887, 0.470204
0.879933, 0.475099

0.0, 0.0
0.501117, 0.470551
0.879426, 0.476035

0.0, 0.0
0.501346, 0.470897
0.878919, 0.476971

0.0, 0.0
0.501573, 0.471242
0.878411, 0.477907

0.0, 0.0
0.501799, 0.471585
0.877901, 0.478842

0.0, 0.0
0.502023, 0.471926
0.877391, 0.479776

0.0, 0.0
0.502246, 0.472265
0.87688, 0.48071

0.0, 0.0
0.502467, 0.472603
0.876367, 0.481643

0.0, 0.0
0.502686, 0.47294
0.875854, 0.482576

0.0, 0.0
0.502903, 0.473274
0.87534, 0.483508

0.0, 0.0
0.503119, 0.473607
0.874824, 0.48444

0.0, 0.0
0.503334, 0.473939
0.874308, 0.485371

0.0, 0.0
0.503547, 0.474269
0.873791, 0.486302

0.0, 0.0
0.503758, 0.474597
0.873273, 0.487232

0.0, 0.0
0.503967, 0.474924
0.872753, 0.488161

0.0, 0.0
0.504175, 0.475249
0.872233, 0.48909

0.0, 0.0
0.504382, 0.475572
0.871712, 0.490019

0.0, 0.0
0.504586, 0.475894
0.87119, 0.490946

0.0, 0.0
0.50479, 0.476215
0.870667, 0.491874

0.0, 0.0
0.504991, 0.476533
0.870142, 0.4928

0.0, 0.0
0.505191, 0.47685
0.869617, 0.493727

0.0, 0.0
0.505389, 0.477166
0.869091, 0.494652

0.0, 0.0
0.505586, 0.47748
0.868564, 0.495577

0.0, 0.0
0.505782, 0.477792
0.868036, 0.496502

0.0, 0.0
0.505975, 0.478103
0.867507, 0.497425

0.0, 0.0
0.506167, 0.478412
0.866977, 0.498349

0.0, 0.0
0.506358, 0.47872
0.866446, 0.499272

0.0, 0.0
0.506547, 0.479026
0.865913, 0.500194

0.0, 0.0
0.506734, 0.47933
0.86538, 0.501115

0.0, 0.0
0.50692, 0.479633
0.864846, 0.502036

0.0, 0.0
0.507104, 0.479934
0.864311, 0.502957

0.0, 0.0
0.507287, 0.480234
0.863775, 0.503877

0.0, 0.0
0.507468, 0.480532
0.863239, 0.504796

0.0, 0.0
0.507647, 0.480829
0.862701, 0.505715

0.0, 0.0
0.507825, 0.481123
0.862162, 0.506633

0.0, 0.0
0.508002, 0.481417
0.861622, 0.507551

0.0, 0.0
0.508176, 0.481709
0.861081, 0.508468

0.0, 0.0
0.50835, 0.481999
0.860539, 0.509384

0.0, 0.0
0.508522, 0.482288
0.859996, 0.5103

0.0, 0.0
0.508692, 0.482575
0.859452, 0.511216

0.0, 0.0
0.50886, 0.48286
0.858908, 0.51213

0.0, 0.0
0.509028, 0.483144
0.858362, 0.513045

0.0, 0.0
0.509193, 0.483427
0.857815, 0.513958

0.0, 0.0
0.509357, 0.483708
0.857268, 0.514871

0.0, 0.0
0.50952, 0.483987
0.856719, 0.515784

0.0, 0.0
0.509681, 0.484265
0.856169, 0.516695

0.0, 0.0
0.50984, 0.484541
0.855619, 0.517607

0.0, 0.0
0.509998, 0.484816
0.855067, 0.518517

0.0, 0.0
0.510154, 0.485089
0.854515, 0.519427

0.0, 0.0
0.510309, 0.485361
0.853961, 0.520337

0.0, 0.0
0.510463, 0.485631
0.853407, 0.521246

0.0, 0.0
0.510614, 0.485899
0.852851, 0.522154

0.0, 0.0
0.510765, 0.486166
0.852295, 0.523062

0.0, 0.0
0.510913, 0.486431
0.851737, 0.523969

0.0, 0.0
0.511061, 0.486695
0.851179, 0.524876

0.0, 0.0
0.511206, 0.486958
0.85062, 0.525782

0.0, 0.0
0.511351, 0.487218
0.850059, 0.526687

0.0, 0.0
0.511493, 0.487478
0.849498, 0.527592

0.0, 0.0
0.511635, 0.487735
0.848936, 0.528496

0.0, 0.0
0.511774, 0.487991
0.848373, 0.529399

0.0, 0.0
0.511912, 0.488246
0.847809, 0.530302

0.0, 0.0
0.512049, 0.488499
0.847244, 0.531205

0.0, 0.0
0.512184, 0.488751
0.846678, 0.532106

0.0, 0.0
0.512318, 0.489001
0.846111, 0.533007

0.0, 0.0
0.51245, 0.489249
0.845543, 0.533908

0.0, 0.0
0.512581, 0.489496
0.844974, 0.534808

0.0, 0.0
0.51271, 0.489742
0.844404, 0.535707

0.0, 0.0
0.512838, 0.489986
0.843833, 0.536606

0.0, 0.0
0.512964, 0.490228
0.843261, 0.537504

0.0, 0.0
0.513089, 0.490469
0.842688, 0.538402

0.0, 0.0
0.513212, 0.490708
0.842115, 0.539298

0.0, 0.0
0.513334, 0.490946
0.84154, 0.540195

0.0, 0.0
0.513454, 0.491182
0.840964, 0.54109

0.0, 0.0
0.513573, 0.491417
0.840388, 0.541985

0.0, 0.0
0.51369, 0.491651
0.83981, 0.54288

0.0, 0.0
0.513806, 0.491882
0.839232, 0.543774

0.0, 0.0
0.51392, 0.492113
0.838652, 0.544667

0.0, 0.0
0.514033, 0.492341
0.838072, 0.545559

0.0, 0.0
0.514145, 0.492569
0.837491, 0.546451

0.0, 0.0
0.514254, 0.492794
0.836909, 0.547343

0.0, 0.0
0.514363, 0.493019
0.836325, 0.548234

0.0, 0.0
0.51447, 0.493241
0.835741, 0.549124

0.0, 0.0
0.514575, 0.493462
0.835156, 0.550013

0.0, 0.0
0.51468, 0.493682
0.83457, 0.550902

0.0, 0.0
0.514782, 0.4939
0.833983, 0.55179

0.0, 0.0
0.514883, 0.494117
0.833395, 0.552678

0.0, 0.0
0.514983, 0.494332
0.832806, 0.553565

0.0, 0.0
0.515081, 0.494546
0.832216, 0.554451

0.0, 0.0
0.515178, 0.494758
0.831625, 0.555337

0.0, 0.0
0.515273, 0.494969
0.831034, 0.556222

0.0, 0.0
0.515367, 0.495178
0.830441, 0.557106

0.0, 0.0
0.515459, 0.495386
0.829847, 0.55799

0.0, 0.0
0.51555, 0.495592
0.829253, 0.558874

0.0, 0.0
0.51564, 0.495796
0.828657, 0.559756

0.0, 0.0
0.515728, 0.496
0.828061, 0.560638

0.0, 0.0
0.515814, 0.496201
0.827464, 0.561519

0.0, 0.0
0.5159, 0.496402
0.826865, 0.5624

0.0, 0.0
0.515983, 0.4966
0.826266, 0.56328

0.0, 0.0
0.516066, 0.496798
0.825666, 0.564159

0.0, 0.0
0.516146, 0.496993
0.825065, 0.565038

0.0, 0.0
0.516226, 0.497188
0.824463, 0.565916

0.0, 0.0
0.516304, 0.49738
0.82386, 0.566794

0.0, 0.0
0.51638, 0.497572
0.823256, 0.567671

0.0, 0.0
0.516455, 0.497762
0.822651, 0.568547

0.0, 0.0
0.516529, 0.49795
0.822045, 0.569422

0.0, 0.0
0.516601, 0.498137
0.821438, 0.570297

0.0, 0.0
0.516672, 0.498322
0.820831, 0.571171

0.0, 0.0
0.516741, 0.498506
0.820222, 0.572045

0.0, 0.0
0.516809, 0.498688
0.819613, 0.572918

0.0, 0.0
0.516876, 0.498869
0.819002, 0.57379

0.0, 0.0
0.516941, 0.499049
0.818391, 0.574662

0.0, 0.0
0.517004, 0.499227
0.817779, 0.575533

0.0, 0.0
0.517067, 0.499403
0.817165, 0.576403

0.0, 0.0
0.517127, 0.499578
0.816551, 0.577273

0.0, 0.0
0.517187, 0.499752
0.815936, 0.578142

0.0, 0.0
0.517245, 0.499924
0.81532, 0.57901

0.0, 0.0
0.517301, 0.500095
0.814703, 0.579878

0.0, 0.0
0.517356, 0.500264
0.814085, 0.580745

0.0, 0.0
0.51741, 0.500431
0.813467, 0.581612

0.0, 0.0
0.517462, 0.500598
0.812847, 0.582477

0.0, 0.0
0.517513, 0.500762
0.812226, 0.583342

0.0, 0.0
0.517563, 0.500926
0.811605, 0.584207

0.0, 0.0
0.517611, 0.501088
0.810982, 0.585071

0.0, 0.0
0.517657, 0.501248
0.810359, 0.585934

0.0, 0.0
0.517702, 0.501407
0.809735, 0.586796

0.0, 0.0
0.517746, 0.501564
0.809109, 0.587658

0.0, 0.0
0.517789, 0.50172
0.808483, 0.588519

0.0, 0.0
0.51783, 0.501875
0.807856, 0.58938

0.0, 0.0
0.517869, 0.502028
0.807228, 0.590239

0.0, 0.0
0.517907, 0.502179
0.806599, 0.591098

0.0, 0.0
0.517944, 0.50233
0.80597, 0.591957

0.0, 0.0
0.51798, 0.502478
0.805339, 0.592815

0.0, 0.0
0.518013, 0.502626
0.804707, 0.593672

0.0, 0.0
0.518046, 0.502771
0.804075, 0.594528

0.0, 0.0
0.518077, 0.502916
0.803441, 0.595384

0.0, 0.0
0.518107, 0.503058
0.802807, 0.596239

0.0, 0.0
0.518135, 0.5032
0.802172, 0.597093

0.0, 0.0
0.518162, 0.50334
0.801536, 0.597947

0.0, 0.0
0.518188, 0.503478
0.800899, 0.5988

0.0, 0.0
0.518212, 0.503615
0.800261, 0.599652

0.0, 0.0
0.518235, 0.503751
0.799622, 0.600504

0.0, 0.0
0.518256, 0.503885
0.798982, 0.601355

0.0, 0.0
0.518276, 0.504018
0.798341, 0.602205

0.0, 0.0
0.518295, 0.504149
0.7977, 0.603055

0.0, 0.0
0.518312, 0.504279
0.797057, 0.603904

0.0, 0.0
0.518328, 0.504408
0.796414, 0.604752

0.0, 0.0
0.518342, 0.504535
0.795769, 0.6056

0.0, 0.0
0.518355, 0.50466
0.795124, 0.606447

0.0, 0.0
0.518367, 0.504784
0.794478, 0.607293

0.0, 0.0
0.518377, 0.504907
0.793831, 0.608138

0.0, 0.0
0.518386, 0.505028
0.793183, 0.608983

0.0, 0.0
0.518394, 0.505148
0.792534, 0.609827

0.0, 0.0
0.5184, 0.505266
0.791884, 0.610671

0.0, 0.0
0.518405, 0.505383
0.791234, 0.611514

0.0, 0.0
0.518408, 0.505498
0.790582, 0.612356

0.0, 0.0
0.51841, 0.505612
0.78993, 0.613197

0.0, 0.0
0.518411, 0.505725
0.789277, 0.614038

0.0, 0.0
0.51841, 0.505836
0.788622, 0.614878

0.0, 0.0
0.518408, 0.505946
0.787967, 0.615717

0.0, 0.0
0.518404, 0.506054
0.787311, 0.616556

0.0, 0.0
0.518399, 0.506161
0.786654, 0.617394

0.0, 0.0
0.518393, 0.506266
0.785997, 0.618231

0.0, 0.0
0.518385, 0.50637
0.785338, 0.619067

0.0, 0.0
0.518376, 0.506473
0.784678, 0.619903

0.0, 0.0
0.518366, 0.506574
0.784018, 0.620738

0.0, 0.0
0.518354, 0.506674
0.783357, 0.621572

0.0, 0.0
0.518341, 0.506772
0.782694, 0.622406

0.0, 0.0
0.518326, 0.506869
0.782031, 0.623239

0.0, 0.0
0.51831, 0.506964
0.781367, 0.624071

0.0, 0.0
0.518293, 0.507058
0.780703, 0.624903

0.0, 0.0
0.518274, 0.507151
0.780037, 0.625734

0.0, 0.0
0.518254, 0.507242
0.77937, 0.626564

0.0, 0.0
0.518233, 0.507332
0.778703, 0.627393

0.0, 0.0
0.51821, 0.50742
0.778034, 0.628222

0.0, 0.0
0.518186, 0.507507
0.777365, 0.62905

0.0, 0.0
0.51816, 0.507592
0.776695, 0.629877

0.0, 0.0
0.518133, 0.507676
0.776024, 0.630704

0.0, 0.0
0.518105, 0.507759
0.775352, 0.63153

0.0, 0.0
0.518075, 0.50784
0.774679, 0.632355

0.0, 0.0
0.518044, 0.50792
0.774005, 0.633179

0.0, 0.0
0.518012, 0.507998
0.773331, 0.634003

0.0, 0.0
0.517978, 0.508075
0.772655, 0.634826

0.0, 0.0
0.517943, 0.508151
0.771979, 0.635648

0.0, 0.0
0.517906, 0.508225
0.771302, 0.63647

0.0, 0.0
0.517868, 0.508297
0.770624, 0.637291

0.0, 0.0
0.517829, 0.508369
0.769945, 0.638111

0.0, 0.0
0.517789, 0.508439
0.769265, 0.63893

0.0, 0.0
0.517747, 0.508507
0.768584, 0.639749

0.0, 0.0
0.517703, 0.508574
0.767903, 0.640567

0.0, 0.0
0.517659, 0.50864
0.76722, 0.641384

0.0, 0.0
0.517612, 0.508704
0.766537, 0.6422

0.0, 0.0
0.517565, 0.508767
0.765853, 0.643016

0.0, 0.0
0.517516, 0.508828
0.765168, 0.643831

0.0, 0.0
0.517466, 0.508888
0.764482, 0.644645

0.0, 0.0
0.517414, 0.508947
0.763795, 0.645459

0.0, 0.0
0.517362, 0.509004
0.763107, 0.646272

0.0, 0.0
0.517307, 0.50906
0.762419, 0.647084

0.0, 0.0
0.517252, 0.509114
0.761729, 0.647895

0.0, 0.0
0.517195, 0.509167
0.761039, 0.648706

0.0, 0.0
0.517136, 0.509218
0.760348, 0.649516

0.0, 0.0
0.517076, 0.509268
0.759656, 0.650325

0.0, 0.0
0.517015, 0.509317
0.758963, 0.651133

0.0, 0.0
0.516953, 0.509364
0.75827, 0.651941

0.0, 0.0
0.516889, 0.50941
0.757575, 0.652748

0.0, 0.0
0.516824, 0.509455
0.75688, 0.653554

0.0, 0.0
0.516757, 0.509498
0.756183, 0.65436

0.0, 0.0
0.516689, 0.50954
0.755486, 0.655164

0.0, 0.0
0.51662, 0.50958
0.754788, 0.655968

0.0, 0.0
0.516549, 0.509619
0.754089, 0.656772

0.0, 0.0
0.516477, 0.509656
0.75339, 0.657574

0.0, 0.0
0.516404, 0.509692
0.752689, 0.658376

0.0, 0.0
0.516329, 0.509727
0.751988, 0.659177

0.0, 0.0
0.516253, 0.50976
0.751286, 0.659977

0.0, 0.0
0.516175, 0.509792
0.750583, 0.660777

0.0, 0.0
0.516096, 0.509822
0.749879, 0.661575

0.0, 0.0
0.516016, 0.509851
0.749174, 0.662373

0.0, 0.0
0.515934, 0.509879
0.748468, 0.663171

0.0, 0.0
0.515851, 0.509905
0.747762, 0.663967

0.0, 0.0
0.515767, 0.50993
0.747054, 0.664763

0.0, 0.0
0.515681, 0.509954
0.746346, 0.665558

0.0, 0.0
0.515594, 0.509976
0.745637, 0.666352

0.0, 0.0
0.515506, 0.509996
0.744927, 0.667146

0.0, 0.0
0.515416, 0.510016
0.744217, 0.667938

0.0, 0.0
0.515325, 0.510033
0.743505, 0.66873

0.0, 0.0
0.515232, 0.51005
0.742793, 0.669522

0.0, 0.0
0.515138, 0.510065
0.742079, 0.670312

0.0, 0.0
0.515043, 0.510079
0.741365, 0.671102

0.0, 0.0
0.514946, 0.510091
0.74065, 0.671891

0.0, 0.0
0.514848, 0.510102
0.739935, 0.672679

0.0, 0.0
0.514749, 0.510111
0.739218, 0.673466

0.0, 0.0
0.514648, 0.510119
0.738501, 0.674253

0.0, 0.0
0.514546, 0.510126
0.737782, 0.675039

0.0, 0.0
0.514442, 0.510131
0.737063, 0.675824

0.0, 0.0
0.514337, 0.510135
0.736343, 0.676608

0.0, 0.0
0.514231, 0.510137
0.735622, 0.677392

0.0, 0.0
0.514123, 0.510138
0.734901, 0.678175

0.0, 0.0
0.514014, 0.510138
0.734178, 0.678957

0.0, 0.0
0.513904, 0.510136
0.733455, 0.679738

0.0, 0.0
0.513792, 0.510133
0.732731, 0.680519

0.0, 0.0
0.513678, 0.510129
0.732006, 0.681298

0.0, 0.0
0.513564, 0.510123
0.73128, 0.682077

0.0, 0.0
0.513448, 0.510115
0.730554, 0.682855

0.0, 0.0
0.513331, 0.510107
0.729826, 0.683633

0.0, 0.0
0.513212, 0.510096
0.729098, 0.684409

0.0, 0.0
0.513092, 0.510085
0.728369, 0.685185

0.0, 0.0
0.51297, 0.510072
0.727639, 0.68596

0.0, 0.0
0.512847, 0.510058
0.726908, 0.686735

0.0, 0.0
0.512723, 0.510042
0.726177, 0.687508

0.0, 0.0
0.512598, 0.510025
0.725444, 0.688281

0.0, 0.0
0.512471, 0.510006
0.724711, 0.689053

0.0, 0.0
0.512342, 0.509986
0.723977, 0.689824

0.0, 0.0
0.512212, 0.509965
0.723242, 0.690595

0.0, 0.0
0.512081, 0.509942
0.722506, 0.691364

0.0, 0.0
0.511949, 0.509918
0.72177, 0.692133

0.0, 0.0
0.511815, 0.509893
0.721033, 0.692901

0.0, 0.0
0.511679, 0.509866
0.720294, 0.693668

0.0, 0.0
0.511543, 0.509837
0.719556, 0.694435

0.0, 0.0
0.511405, 0.509808
0.718816, 0.695201

0.0, 0.0
0.511265, 0.509777
0.718075, 0.695966

0.0, 0.0
0.511124, 0.509744
0.717334, 0.69673

0.0, 0.0
0.510982, 0.50971
0.716592, 0.697493

0.0, 0.0
0.510838, 0.509675
0.715849, 0.698256

0.0, 0.0
0.510693, 0.509638
0.715105, 0.699017

0.0, 0.0
0.510547, 0.5096
0.71436, 0.699778

0.0, 0.0
0.510399, 0.50956
0.713615, 0.700538

0.0, 0.0
0.510249, 0.509519
0.712868, 0.701298

0.0, 0.0
0.510099, 0.509477
0.712121, 0.702056

0.0, 0.0
0.509947, 0.509433
0.711373, 0.702814

0.0, 0.0
0.509793, 0.509388
0.710625, 0.703571

0.0, 0.0
0.509638, 0.509342
0.709875, 0.704327

0.0, 0.0
0.509482, 0.509294
0.709125, 0.705083

0.0, 0.0
0.509324, 0.509244
0.708374, 0.705837

0.0, 0.0
0.509165, 0.509193
0.707622, 0.706591

0.0, 0.0
0.509005, 0.509141
0.706869, 0.707344

0.0, 0.0
0.508843, 0.509088
0.706116, 0.708096

0.0, 0.0
0.50868, 0.509033
0.705362, 0.708848

0.0, 0.0
0.508515, 0.508976
0.704606, 0.709598

0.0, 0.0
0.508349, 0.508919
0.703851, 0.710348

0.0, 0.0
0.508181, 0.508859
0.703094, 0.711097

0.0, 0.0
0.508012, 0.508799
0.702336, 0.711845

0.0, 0.0
0.507842, 0.508737
0.701578, 0.712593

0.0, 0.0
0.50767, 0.508673
0.700819, 0.713339

0.0, 0.0
0.507497, 0.508608
0.700059, 0.714085

0.0, 0.0
0.507322, 0.508542
0.699299, 0.71483

0.0, 0.0
0.507146, 0.508474
0.698537, 0.715574

0.0, 0.0
0.506969, 0.508405
0.697775, 0.716317

0.0, 0.0
0.50679, 0.508335
0.697012, 0.71706

0.0, 0.0
0.50661, 0.508263
0.696248, 0.717801

0.0, 0.0
0.506428, 0.50819
0.695483, 0.718542

0.0, 0.0
0.506245, 0.508115
0.694718, 0.719282

0.0, 0.0
0.506061, 0.508039
0.693952, 0.720022

0.0, 0.0
0.505875, 0.507961
0.693185, 0.72076

0.0, 0.0
0.505687, 0.507882
0.692417, 0.721498

0.0, 0.0
0.505498, 0.507802
0.691648, 0.722234

0.0, 0.0
0.505308, 0.50772
0.690879, 0.72297

0.0, 0.0
0.505116, 0.507636
0.690109, 0.723706

0.0, 0.0
0.504923, 0.507552
0.689338, 0.72444

0.0, 0.0
0.504729, 0.507466
0.688566, 0.725173

0.0, 0.0
0.504533, 0.507378
0.687794, 0.725906

0.0, 0.0
0.504335, 0.507289
0.687021, 0.726638

0.0, 0.0
0.504136, 0.507199
0.686247, 0.727369

0.0, 0.0
0.503936, 0.507107
0.685472, 0.728099

0.0, 0.0
0.503734, 0.507014
0.684696, 0.728829

0.0, 0.0
0.503531, 0.506919
0.68392, 0.729557

0.0, 0.0
0.503326, 0.506823
0.683143, 0.730285

0.0, 0.0
0.50312, 0.506725
0.682365, 0.731012

0.0, 0.0
0.502913, 0.506626
0.681586, 0.731738

0.0, 0.0
0.502704, 0.506526
0.680807, 0.732463

0.0, 0.0
0.502493, 0.506424
0.680026, 0.733188

0.0, 0.0
0.502282, 0.506321
0.679245, 0.733911

0.0, 0.0
0.502068, 0.506216
0.678464, 0.734634

0.0, 0.0
0.501853, 0.50611
0.677681, 0.735356

0.0, 0.0
0.501637, 0.506003
0.676898, 0.736077

0.0, 0.0
0.50142, 0.505894
0.676114, 0.736797

0.0, 0.0
0.5012, 0.505783
0.675329, 0.737517

0.0, 0.0
0.50098, 0.505671
0.674543, 0.738235

0.0, 0.0
0.500758, 0.505558
0.673757, 0.738953

0.0, 0.0
0.500534, 0.505443
0.67297, 0.73967

0.0, 0.0
0.500309, 0.505327
0.672182, 0.740386

0.0, 0.0
0.500083, 0.505209
0.671393, 0.741101

0.0, 0.0
0.499855, 0.50509
0.670604, 0.741816

0.0, 0.0
0.499625, 0.50497
0.669814, 0.742529

0.0, 0.0
0.499395, 0.504848
0.669023, 0.743242

0.0, 0.0
0.499162, 0.504724
0.668231, 0.743954

0.0, 0.0
0.498928, 0.504599
0.667439, 0.744665

0.0, 0.0
0.498693, 0.504473
0.666645, 0.745375

0.0, 0.0
0.498456, 0.504345
0.665851, 0.746084

0.0, 0.0
0.498218, 0.504216
0.665057, 0.746793

0.0, 0.0
0.497978, 0.504085
0.664261, 0.7475

0.0, 0.0
0.497737, 0.503953
0.663465, 0.748207

0.0, 0.0
0.497494, 0.503819
0.662668, 0.748913

0.0, 0.0
0.49725, 0.503684
0.66187, 0.749618

0.0, 0.0
0.497005, 0.503547
0.661072, 0.750323

0.0, 0.0
0.496757, 0.503409
0.660273, 0.751026

0.0, 0.0
0.496509, 0.50327
0.659473, 0.751729

0.0, 0.0
0.496259, 0.503129
0.658672, 0.75243

0.0, 0.0
0.496007, 0.502987
0.65787, 0.753131

0.0, 0.0
0.495754, 0.502843
0.657068, 0.753831

0.0, 0.0
0.495499, 0.502697
0.656265, 0.75453

0.0, 0.0
0.495243, 0.50255
0.655462, 0.755229

0.0, 0.0
0.494986, 0.502402
0.654657, 0.755926

0.0, 0.0
0.494727, 0.502252
0.653852, 0.756623

0.0, 0.0
0.494466, 0.502101
0.653046, 0.757318

0.0, 0.0
0.494204, 0.501948
0.652239, 0.758013

0.0, 0.0
0.49394, 0.501794
0.651432, 0.758707

0.0, 0.0
0.493675, 0.501638
0.650624, 0.7594

0.0, 0.0
0.493408, 0.501481
0.649815, 0.760093

0.0, 0.0
0.49314, 0.501322
0.649005, 0.760784

0.0, 0.0
0.492871, 0.501162
0.648195, 0.761474

0.0, 0.0
0.492599, 0.501
0.647384, 0.762164

0.0, 0.0
0.492327, 0.500837
0.646572, 0.762853

0.0, 0.0
0.492052, 0.500672
0.645759, 0.763541

0.0, 0.0
0.491777, 0.500506
0.644946, 0.764228

0.0, 0.0
0.491499, 0.500339
0.644132, 0.764914

0.0, 0.0
0.491221, 0.500169
0.643317, 0.7656

0.0, 0.0
0.49094, 0.499999
0.642502, 0.766284

0.0, 0.0
0.490658, 0.499827
0.641686, 0.766968

0.0, 0.0
0.490375, 0.499653
0.640869, 0.767651

0.0, 0.0
0.49009, 0.499478
0.640051, 0.768332

0.0, 0.0
0.489804, 0.499301
0.639233, 0.769013

0.0, 0.0
0.489516, 0.499123
0.638414, 0.769694

0.0, 0.0
0.489226, 0.498943
0.637594, 0.770373

0.0, 0.0
0.488935, 0.498762
0.636773, 0.771051

0.0, 0.0
0.488643, 0.498579
0.635952, 0.771729

0.0, 0.0
0.488348, 0.498395
0.63513, 0.772405

0.0, 0.0
0.488053, 0.498209
0.634307, 0.773081

0.0, 0.0
0.487755, 0.498022
0.633484, 0.773756

0.0, 0.0
0.487457, 0.497833
0.63266, 0.77443

0.0, 0.0
0.487156, 0.497642
0.631835, 0.775103

0.0, 0.0
0.486854, 0.497451
0.631009, 0.775775

0.0, 0.0
0.486551, 0.497257
0.630183, 0.776447

0.0, 0.0
0.486246, 0.497062
0.629356, 0.777117

0.0, 0.0
0.485939, 0.496866
0.628528, 0.777787

0.0, 0.0
0.485631, 0.496668
0.6277, 0.778456

0.0, 0.0
0.485322, 0.496468
0.62687, 0.779124

0.0, 0.0
0.48501, 0.496267
0.62604, 0.779791

0.0, 0.0
0.484698, 0.496064
0.62521, 0.780457

0.0, 0.0
0.484383, 0.49586
0.624379, 0.781122

0.0, 0.0
0.484067, 0.495654
0.623547, 0.781786

0.0, 0.0
0.48375, 0.495447
0.622714, 0.78245

0.0, 0.0
0.48343, 0.495238
0.62188, 0.783112

0.0, 0.0
0.48311, 0.495028
0.621046, 0.783774

0.0, 0.0
0.482788, 0.494816
0.620212, 0.784435

0.0, 0.0
0.482464, 0.494602
0.619376, 0.785094

0.0, 0.0
0.482138, 0.494387
0.61854, 0.785753

0.0, 0.0
0.481811, 0.494171
0.617703, 0.786412

0.0, 0.0
0.481483, 0.493952
0.616865, 0.787069

0.0, 0.0
0.481152, 0.493733
0.616027, 0.787725

0.0, 0.0
0.480821, 0.493511
0.615188, 0.788381

0.0, 0.0
0.480487, 0.493288
0.614348, 0.789035

0.0, 0.0
0.480152, 0.493064
0.613508, 0.789689

0.0, 0.0
0.479816, 0.492838
0.612667, 0.790341

0.0, 0.0
0.479477, 0.49261
0.611825, 0.790993

0.0, 0.0
0.479138, 0.492381
0.610982, 0.791644

0.0, 0.0
0.478796, 0.49215
0.610139, 0.792294

0.0, 0.0
0.478453, 0.491918
0.609295, 0.792943

0.0, 0.0
0.478108, 0.491683
0.608451, 0.793592

0.0, 0.0
0.477762, 0.491448
0.607605, 0.794239

0.0, 0.0
0.477414, 0.491211
0.606759, 0.794885

0.0, 0.0
0.477065, 0.490972
0.605913, 0.795531

0.0, 0.0
0.476714, 0.490731
0.605065, 0.796176

0.0, 0.0
0.476361, 0.490489
0.604217, 0.796819

0.0, 0.0
0.476007, 0.490246
0.603369, 0.797462

0.0, 0.0
0.475651, 0.490001
0.602519, 0.798104

0.0, 0.0
0.475293, 0.489754
0.601669, 0.798745

0.0, 0.0
0.474934, 0.489505
0.600819, 0.799385

0.0, 0.0
0.474573, 0.489255
0.599967, 0.800025

0.0, 0.0
0.474211, 0.489004
0.599115, 0.800663

0.0, 0.0
0.473846, 0.48875
0.598262, 0.8013

0.0, 0.0
0.473481, 0.488495
0.597409, 0.801937

0.0, 0.0
0.473113, 0.488239
0.596555, 0.802572

0.0, 0.0
0.472744, 0.487981
0.5957, 0.803207

0.0, 0.0
0.472373, 0.487721
0.594844, 0.803841

0.0, 0.0
0.472001, 0.487459
0.593988, 0.804474

0.0, 0.0
0.471627, 0.487196
0.593131, 0.805106

0.0, 0.0
0.471251, 0.486931
0.592274, 0.805737

0.0, 0.0
0.470874, 0.486665
0.591416, 0.806367

0.0, 0.0
0.470495, 0.486397
0.590557, 0.806996

0.0, 0.0
0.470114, 0.486127
0.589697, 0.807624

0.0, 0.0
0.469732, 0.485856
0.588837, 0.808252

0.0, 0.0
0.469348, 0.485583
0.587976, 0.808878

0.0, 0.0
0.468963, 0.485308
0.587115, 0.809504

0.0, 0.0
0.468575, 0.485032
0.586252, 0.810128

0.0, 0.0
0.468186, 0.484754
0.58539, 0.810752

0.0, 0.0
0.467796, 0.484474
0.584526, 0.811375

0.0, 0.0
0.467403, 0.484193
0.583662, 0.811997

0.0, 0.0
0.467009, 0.48391
0.582797, 0.812618

0.0, 0.0
0.466613, 0.483625
0.581932, 0.813238

0.0, 0.0
0.466216, 0.483339
0.581065, 0.813857

0.0, 0.0
0.465817, 0.483051
0.580199, 0.814475

0.0, 0.0
0.465416, 0.482761
0.579331, 0.815092

0.0, 0.0
0.465014, 0.48247
0.578463, 0.815709

0.0, 0.0
0.464609, 0.482177
0.577594, 0.816324

0.0, 0.0
0.464203, 0.481882
0.576725, 0.816939

0.0, 0.0
0.463796, 0.481585
0.575855, 0.817552

