0.0, 0.0
0.0165925, 0
1, 0

0.0, 0.0
0.0263204, 0.00315175
0.999999, 0.00106468

0.0, 0.0
0.0343392, 0.0061246
0.999998, 0.00212936

0.0, 0.0
0.0414204, 0.00893531
0.999995, 0.00319403

0.0, 0.0
0.0478797, 0.0116135
0.999991, 0.00425871

0.0, 0.0
0.0538845, 0.0141822
0.999986, 0.00532337

0.0, 0.0
0.0595369, 0.0166586
0.99998, 0.00638804

0.0, 0.0
0.0649049, 0.0190555
0.999972, 0.00745269

0.0, 0.0
0.0700366, 0.0213832
0.999964, 0.00851734

0.0, 0.0
0.0749674, 0.0236497
0.999954, 0.00958197

0.0, 0.0
0.0797245, 0.0258613
0.999943, 0.0106466

0.0, 0.0
0.0843292, 0.0280237
0.999931, 0.0117112

0.0, 0.0
0.0887989, 0.0301411
0.999918, 0.0127758

0.0, 0.0
0.0931474, 0.0322174
0.999904, 0.0138404

0.0, 0.0
0.0973867, 0.034256
0.999889, 0.014905

0.0, 0.0
0.101526, 0.0362596
0.999872, 0.0159695

0.0, 0.0
0.105575, 0.0382306
0.999855, 0.0170341

0.0, 0.0
0.10954, 0.0401714
0.999836, 0.0180986

0.0, 0.0
0.113428, 0.0420837
0.999816, 0.0191631

0.0, 0.0
0.117243, 0.0439693
0.999795, 0.0202275

0.0, 0.0
0.120992, 0.0458298
0.999773, 0.021292

0.0, 0.0
0.124678, 0.0476665
0.99975, 0.0223564

0.0, 0.0
0.128305, 0.0494808
0.999726, 0.0234208

0.0, 0.0
0.131876, 0.0512736
0.9997, 0.0244852

0.0, 0.0
0.135396, 0.0530461
0.999674, 0.0255495

0.0, 0.0
0.138866, 0.0547993
0.999646, 0.0266139

0.0, 0.0
0.142289, 0.0565339
0.999617, 0.0276781

0.0, 0.0
0.145667, 0.0582509
0.999587, 0.0287424

0.0, 0.0
0.149003, 0.059951
0.999556, 0.0298066

0.0, 0.0
0.152299, 0.0616348
0.999523, 0.0308708

0.0, 0.0
0.155556, 0.0633029
0.99949, 0.031935

0.0, 0.0
0.158777, 0.0649561
0.999455, 0.0329991

0.0, 0.0
0.161962, 0.0665949
0.99942, 0.0340632

0.0, 0.0
0.165113, 0.0682197
0.999383, 0.0351272

0.0, 0.0
0.168232, 0.0698311
0.999345, 0.0361912

0.0, 0.0
0.17132, 0.0714295
0.999306, 0.0372552

0.0, 0.0
0.174377, 0.0730154
0.999266, 0.0383191

0.0, 0.0
0.177406, 0.0745891
0.999224, 0.039383

0.0, 0.0
0.180407, 0.0761511
0.999182, 0.0404468

0.0, 0.0
0.18338, 0.0777017
0.999138, 0.0415106

0.0, 0.0
0.186328, 0.0792413
0.999093, 0.0425743

0.0, 0.0
0.189251, 0.0807701
0.999047, 0.043638

0.0, 0.0
0.192149, 0.0822886
0.999, 0.0447017

0.0, 0.0
0.195023, 0.0837969
0.998952, 0.0457652

0.0, 0.0
0.197875, 0.0852954
0.998903, 0.0468288

0.0, 0.0
0.200705, 0.0867843
0.998853, 0.0478923

0.0, 0.0
0.203513, 0.0882639
0.998801, 0.0489557

0.0, 0.0
0.2063, 0.0897345
0.998748, 0.0500191

0.0, 0.0
0.209066, 0.0911961
0.998694, 0.0510824

0.0, 0.0
0.211813, 0.0926492
0.998639, 0.0521457

0.0, 0.0
0.214541, 0.0940938
0.998583, 0.0532089

0.0, 0.0
0.21725, 0.0955302
0.998526, 0.054272

0.0, 0.0
0.219941, 0.0969586
0.998468, 0.0553351

0.0, 0.0
0.222614, 0.0983792
0.998408, 0.0563981

0.0, 0.0
0.22527, 0.0997921
0.998348, 0.0574611

0.0, 0.0
0.227909, 0.101197
0.998286, 0.0585239

0.0, 0.0
0.230531, 0.102596
0.998223, 0.0595868

0.0, 0.0
0.233138, 0.103986
0.998159, 0.0606495

0.0, 0.0
0.235728, 0.10537
0.998094, 0.0617122

0.0, 0.0
0.238304, 0.106747
0.998028, 0.0627748

0.0, 0.0
0.240864, 0.108118
0.99796, 0.0638374

0.0, 0.0
0.24341, 0.109481
0.997892, 0.0648998

0.0, 0.0
0.245941, 0.110839
0.997822, 0.0659622

0.0, 0.0
0.248458, 0.112189
0.997751, 0.0670246

0.0, 0.0
0.250962, 0.113534
0.997679, 0.0680868

0.0, 0.0
0.253452, 0.114873
0.997606, 0.069149

0.0, 0.0
0.255928, 0.116205
0.997532, 0.0702111

0.0, 0.0
0.258392, 0.117532
0.997457, 0.0712731

0.0, 0.0
0.260844, 0.118853
0.99738, 0.072335

0.0, 0.0
0.263283, 0.120168
0.997303, 0.0733969

0.0, 0.0
0.265709, 0.121478
0.997224, 0.0744586

0.0, 0.0
0.268124, 0.122782
0.997144, 0.0755203

0.0, 0.0
0.270527, 0.124081
0.997063, 0.0765819

0.0, 0.0
0.272919, 0.125375
0.996981, 0.0776434

0.0, 0.0
0.275299, 0.126663
0.996898, 0.0787048

0.0, 0.0
0.277668, 0.127946
0.996814, 0.0797662

0.0, 0.0
0.280027, 0.129224
0.996728, 0.0808274

0.0, 0.0
0.282374, 0.130498
0.996641, 0.0818886

0.0, 0.0
0.284712, 0.131766
0.996554, 0.0829496

0.0, 0.0
0.287038, 0.13303
0.996465, 0.0840106

0.0, 0.0
0.289355, 0.134289
0.996375, 0.0850715

0.0, 0.0
0.291662, 0.135543
0.996284, 0.0861322

0.0, 0.0
0.293959, 0.136793
0.996191, 0.0871929

0.0, 0.0
0.296246, 0.138038
0.996098, 0.0882535

0.0, 0.0
0.298524, 0.139279
0.996004, 0.0893139

0.0, 0.0
0.300792, 0.140515
0.995908, 0.0903743

0.0, 0.0
0.303051, 0.141747
0.995811, 0.0914346

0.0, 0.0
0.305302, 0.142975
0.995713, 0.0924948

0.0, 0.0
0.307543, 0.144199
0.995614, 0.0935548

0.0, 0.0
0.309775, 0.145418
0.995514, 0.0946148

0.0, 0.0
0.311999, 0.146634
0.995413, 0.0956746

0.0, 0.0
0.314214, 0.147845
0.99531, 0.0967344

0.0, 0.0
0.316421, 0.149052
0.995207, 0.097794

0.0, 0.0
0.31862, 0.150256
0.995102, 0.0988535

0.0, 0.0
0.32081, 0.151456
0.994996, 0.0999129

0.0, 0.0
0.322993, 0.152651
0.994889, 0.100972

0.0, 0.0
0.325167, 0.153844
0.994781, 0.102031

0.0, 0.0
0.327334, 0.155032
0.994672, 0.10309

0.0, 0.0
0.329493, 0.156217
0.994562, 0.104149

0.0, 0.0
0.331645, 0.157398
0.99445, 0.105208

0.0, 0.0
0.333788, 0.158575
0.994338, 0.106267

0.0, 0.0
0.335925, 0.159749
0.994224, 0.107326

0.0, 0.0
0.338054, 0.16092
0.994109, 0.108384

0.0, 0.0
0.340176, 0.162087
0.993993, 0.109442

0.0, 0.0
0.342291, 0.16325
0.993876, 0.110501

0.0, 0.0
0.344399, 0.164411
0.993758, 0.111559

0.0, 0.0
0.3465, 0.165568
0.993639, 0.112617

0.0, 0.0
0.348594, 0.166721
0.993518, 0.113675

0.0, 0.0
0.350682, 0.167872
0.993396, 0.114732

0.0, 0.0
0.352762, 0.169019
0.993274, 0.11579

0.0, 0.0
0.354837, 0.170163
0.99315, 0.116847

0.0, 0.0
0.356904, 0.171304
0.993025, 0.117905

0.0, 0.0
0.358966, 0.172442
0.992899, 0.118962

0.0, 0.0
0.361021, 0.173577
0.992772, 0.120019

0.0, 0.0
0.363069, 0.174708
0.992643, 0.121076

0.0, 0.0
0.365112, 0.175837
0.992514, 0.122133

0.0, 0.0
0.367148, 0.176963
0.992383, 0.123189

0.0, 0.0
0.369178, 0.178086
0.992251, 0.124246

0.0, 0.0
0.371202, 0.179206
0.992119, 0.125302

0.0, 0.0
0.373221, 0.180323
0.991985, 0.126358

0.0, 0.0
0.375233, 0.181437
0.99185, 0.127414

0.0, 0.0
0.37724, 0.182548
0.991713, 0.12847

0.0, 0.0
0.379241, 0.183657
0.991576, 0.129526

0.0, 0.0
0.381237, 0.184763
0.991438, 0.130582

0.0, 0.0
0.383226, 0.185866
0.991298, 0.131637

0.0, 0.0
0.385211, 0.186966
0.991157, 0.132692

0.0, 0.0
0.387189, 0.188064
0.991015, 0.133748

0.0, 0.0
0.389163, 0.189159
0.990872, 0.134803

0.0, 0.0
0.391131, 0.190251
0.990728, 0.135858

0.0, 0.0
0.393093, 0.191341
0.990583, 0.136912

0.0, 0.0
0.395051, 0.192429
0.990437, 0.137967

0.0, 0.0
0.397003, 0.193513
0.990289, 0.139021

0.0, 0.0
0.39895, 0.194596
0.990141, 0.140076

0.0, 0.0
0.400892, 0.195675
0.989991, 0.14113

0.0, 0.0
0.40283, 0.196752
0.98984, 0.142184

0.0, 0.0
0.404762, 0.197827
0.989688, 0.143237

0.0, 0.0
0.406689, 0.1989
0.989535, 0.144291

0.0, 0.0
0.408611, 0.19997
0.989381, 0.145344

0.0, 0.0
0.410528, 0.201037
0.989226, 0.146398

0.0, 0.0
0.412441, 0.202102
0.989069, 0.147451

0.0, 0.0
0.414349, 0.203165
0.988912, 0.148504

0.0, 0.0
0.416252, 0.204226
0.988753, 0.149557

0.0, 0.0
0.418151, 0.205284
0.988593, 0.150609

0.0, 0.0
0.420045, 0.20634
0.988432, 0.151662

0.0, 0.0
0.421934, 0.207393
0.98827, 0.152714

0.0, 0.0
0.423819, 0.208445
0.988107, 0.153766

0.0, 0.0
0.4257, 0.209494
0.987943, 0.154818

0.0, 0.0
0.427575, 0.210541
0.987778, 0.15587

0.0, 0.0
0.429447, 0.211586
0.987611, 0.156921

0.0, 0.0
0.431314, 0.212628
0.987443, 0.157973

0.0, 0.0
0.433177, 0.213669
0.987275, 0.159024

0.0, 0.0
0.435036, 0.214707
0.987105, 0.160075

0.0, 0.0
0.43689, 0.215743
0.986934, 0.161126

0.0, 0.0
0.438741, 0.216778
0.986762, 0.162177

0.0, 0.0
0.440587, 0.21781
0.986589, 0.163227

0.0, 0.0
0.442429, 0.21884
0.986414, 0.164277

0.0, 0.0
0.444267, 0.219868
0.986239, 0.165328

0.0, 0.0
0.446101, 0.220893
0.986062, 0.166377

0.0, 0.0
0.44793, 0.221917
0.985884, 0.167427

0.0, 0.0
0.449756, 0.222939
0.985706, 0.168477

0.0, 0.0
0.451578, 0.223959
0.985526, 0.169526

0.0, 0.0
0.453396, 0.224977
0.985345, 0.170575

0.0, 0.0
0.45521, 0.225993
0.985162, 0.171624

0.0, 0.0
0.457021, 0.227007
0.984979, 0.172673

0.0, 0.0
0.458827, 0.228019
0.984795, 0.173722

0.0, 0.0
0.46063, 0.229029
0.984609, 0.17477

0.0, 0.0
0.462429, 0.230038
0.984423, 0.175818

0.0, 0.0
0.464224, 0.231044
0.984235, 0.176866

0.0, 0.0
0.466015, 0.232049
0.984046, 0.177914

0.0, 0.0
0.467803, 0.233052
0.983856, 0.178962

0.0, 0.0
0.469588, 0.234052
0.983665, 0.180009

0.0, 0.0
0.471368, 0.235052
0.983473, 0.181056

0.0, 0.0
0.473145, 0.236049
0.983279, 0.182103

0.0, 0.0
0.474919, 0.237044
0.983085, 0.18315

0.0, 0.0
0.476689, 0.238038
0.982889, 0.184197

0.0, 0.0
0.478455, 0.23903
0.982693, 0.185243

0.0, 0.0
0.480219, 0.24002
0.982495, 0.186289

0.0, 0.0
0.481978, 0.241008
0.982296, 0.187335

0.0, 0.0
0.483735, 0.241995
0.982096, 0.188381

0.0, 0.0
0.485487, 0.24298
0.981895, 0.189426

0.0, 0.0
0.487237, 0.243963
0.981693, 0.190471

0.0, 0.0
0.488983, 0.244945
0.981489, 0.191517

0.0, 0.0
0.490726, 0.245925
0.981285, 0.192561

0.0, 0.0
0.492466, 0.246903
0.981079, 0.193606

0.0, 0.0
0.494202, 0.247879
0.980873, 0.19465

0.0, 0.0
0.495935, 0.248854
0.980665, 0.195695

0.0, 0.0
0.497665, 0.249827
0.980456, 0.196739

0.0, 0.0
0.499392, 0.250799
0.980246, 0.197782

0.0, 0.0
0.501116, 0.251769
0.980035, 0.198826

0.0, 0.0
0.502836, 0.252737
0.979823, 0.199869

0.0, 0.0
0.504554, 0.253704
0.979609, 0.200912

0.0, 0.0
0.506268, 0.254669
0.979395, 0.201955

0.0, 0.0
0.507979, 0.255633
0.979179, 0.202998

0.0, 0.0
0.509687, 0.256595
0.978962, 0.20404

0.0, 0.0
0.511393, 0.257555
0.978745, 0.205082

0.0, 0.0
0.513095, 0.258514
0.978526, 0.206124

0.0, 0.0
0.514794, 0.259472
0.978306, 0.207166

0.0, 0.0
0.51649, 0.260428
0.978085, 0.208208

0.0, 0.0
0.518184, 0.261382
0.977862, 0.209249

0.0, 0.0
0.519874, 0.262335
0.977639, 0.21029

0.0, 0.0
0.521562, 0.263286
0.977415, 0.21133

0.0, 0.0
0.523246, 0.264236
0.977189, 0.212371

0.0, 0.0
0.524928, 0.265184
0.976962, 0.213411

0.0, 0.0
0.526607, 0.266131
0.976735, 0.214451

0.0, 0.0
0.528283, 0.267077
0.976506, 0.215491

0.0, 0.0
0.529957, 0.268021
0.976276, 0.216531

0.0, 0.0
0.531627, 0.268963
0.976045, 0.21757

0.0, 0.0
0.533295, 0.269904
0.975813, 0.218609

0.0, 0.0
0.53496, 0.270844
0.975579, 0.219648

0.0, 0.0
0.536623, 0.271782
0.975345, 0.220686

0.0, 0.0
0.538282, 0.272719
0.975109, 0.221725

0.0, 0.0
0.53994, 0.273655
0.974873, 0.222763

0.0, 0.0
0.541594, 0.274589
0.974635, 0.223801

0.0, 0.0
0.543246, 0.275521
0.974396, 0.224838

0.0, 0.0
0.544895, 0.276453
0.974156, 0.225875

0.0, 0.0
0.546541, 0.277382
0.973915, 0.226912

0.0, 0.0
0.548185, 0.278311
0.973673, 0.227949

0.0, 0.0
0.549827, 0.279238
0.97343, 0.228986

0.0, 0.0
0.551465, 0.280164
0.973185, 0.230022

0.0, 0.0
0.553102, 0.281089
0.97294, 0.231058

0.0, 0.0
0.554735, 0.282012
0.972693, 0.232094

0.0, 0.0
0.556366, 0.282934
0.972446, 0.233129

0.0, 0.0
0.557995, 0.283854
0.972197, 0.234164

0.0, 0.0
0.559621, 0.284774
0.971947, 0.235199

0.0, 0.0
0.561245, 0.285691
0.971696, 0.236234

0.0, 0.0
0.562867, 0.286608
0.971444, 0.237268

0.0, 0.0
0.564486, 0.287523
0.971191, 0.238303

0.0, 0.0
0.566102, 0.288438
0.970937, 0.239336

0.0, 0.0
0.567716, 0.28935
0.970681, 0.24037

0.0, 0.0
0.569328, 0.290262
0.970425, 0.241403

0.0, 0.0
0.570937, 0.291172
0.970167, 0.242436

0.0, 0.0
0.572544, 0.292081
0.969909, 0.243469

0.0, 0.0
0.574149, 0.292989
0.969649, 0.244502

0.0, 0.0
0.575751, 0.293896
0.969388, 0.245534

0.0, 0.0
0.577352, 0.294801
0.969126, 0.246566

0.0, 0.0
0.578949, 0.295705
0.968863, 0.247598

0.0, 0.0
0.580545, 0.296608
0.968599, 0.248629

0.0, 0.0
0.582138, 0.29751
0.968334, 0.24966

0.0, 0.0
0.583729, 0.29841
0.968067, 0.250691

0.0, 0.0
0.585318, 0.299309
0.9678, 0.251721

0.0, 0.0
0.586904, 0.300207
0.967531, 0.252752

0.0, 0.0
0.588489, 0.301104
0.967262, 0.253782

0.0, 0.0
0.590071, 0.302
0.966991, 0.254811

0.0, 0.0
0.591651, 0.302895
0.966719, 0.255841

0.0, 0.0
0.593229, 0.303788
0.966446, 0.25687

0.0, 0.0
0.594804, 0.30468
0.966172, 0.257899

0.0, 0.0
0.596378, 0.305571
0.965897, 0.258927

0.0, 0.0
0.597949, 0.306461
0.965621, 0.259955

0.0, 0.0
0.599518, 0.30735
0.965343, 0.260983

0.0, 0.0
0.601086, 0.308237
0.965065, 0.262011

0.0, 0.0
0.602651, 0.309124
0.964785, 0.263038

0.0, 0.0
0.604214, 0.310009
0.964505, 0.264065

0.0, 0.0
0.605775, 0.310893
0.964223, 0.265092

0.0, 0.0
0.607333, 0.311776
0.96394, 0.266118

0.0, 0.0
0.60889, 0.312658
0.963656, 0.267145

0.0, 0.0
0.610445, 0.313539
0.963371, 0.26817

0.0, 0.0
0.611998, 0.314419
0.963085, 0.269196

0.0, 0.0
0.613549, 0.315298
0.962798, 0.270221

0.0, 0.0
0.615098, 0.316175
0.96251, 0.271246

0.0, 0.0
0.616645, 0.317052
0.962221, 0.272271

0.0, 0.0
0.618189, 0.317927
0.96193, 0.273295

0.0, 0.0
0.619732, 0.318802
0.961639, 0.274319

0.0, 0.0
0.621273, 0.319675
0.961346, 0.275343

0.0, 0.0
0.622812, 0.320547
0.961052, 0.276366

0.0, 0.0
0.62435, 0.321418
0.960758, 0.277389

0.0, 0.0
0.625885, 0.322288
0.960462, 0.278412

0.0, 0.0
0.627418, 0.323157
0.960165, 0.279434

0.0, 0.0
0.62895, 0.324025
0.959867, 0.280456

0.0, 0.0
0.630479, 0.324892
0.959568, 0.281478

0.0, 0.0
0.632007, 0.325758
0.959267, 0.2825

0.0, 0.0
0.633533, 0.326623
0.958966, 0.283521

0.0, 0.0
0.635057, 0.327487
0.958664, 0.284542

0.0, 0.0
0.636579, 0.328349
0.95836, 0.285562

0.0, 0.0
0.6381, 0.329211
0.958056, 0.286582

0.0, 0.0
0.639618, 0.330072
0.95775, 0.287602

0.0, 0.0
0.641135, 0.330932
0.957443, 0.288622

0.0, 0.0
0.64265, 0.33179
0.957135, 0.289641

0.0, 0.0
0.644164, 0.332648
0.956826, 0.29066

0.0, 0.0
0.645675, 0.333505
0.956516, 0.291678

0.0, 0.0
0.647185, 0.334361
0.956205, 0.292697

0.0, 0.0
0.648693, 0.335215
0.955893, 0.293714

0.0, 0.0
0.650199, 0.336069
0.95558, 0.294732

0.0, 0.0
0.651704, 0.336922
0.955266, 0.295749

0.0, 0.0
0.653207, 0.337774
0.95495, 0.296766

0.0, 0.0
0.654708, 0.338625
0.954634, 0.297783

0.0, 0.0
0.656207, 0.339475
0.954316, 0.298799

0.0, 0.0
0.657705, 0.340323
0.953997, 0.299815

0.0, 0.0
0.659201, 0.341171
0.953678, 0.30083

0.0, 0.0
0.660696, 0.342018
0.953357, 0.301845

0.0, 0.0
0.662189, 0.342864
0.953035, 0.30286

0.0, 0.0
0.66368, 0.34371
0.952712, 0.303875

0.0, 0.0
0.66517, 0.344554
0.952388, 0.304889

0.0, 0.0
0.666658, 0.345397
0.952063, 0.305903

0.0, 0.0
0.668144, 0.346239
0.951737, 0.306916

0.0, 0.0
0.669629, 0.34708
0.951409, 0.307929

0.0, 0.0
0.671112, 0.347921
0.951081, 0.308942

0.0, 0.0
0.672594, 0.34876
0.950751, 0.309955

0.0, 0.0
0.674074, 0.349599
0.950421, 0.310967

0.0, 0.0
0.675552, 0.350436
0.950089, 0.311978

0.0, 0.0
0.677029, 0.351273
0.949757, 0.31299

0.0, 0.0
0.678505, 0.352109
0.949423, 0.314001

0.0, 0.0
0.679979, 0.352944
0.949088, 0.315011

0.0, 0.0
0.681451, 0.353778
0.948752, 0.316022

0.0, 0.0
0.682922, 0.354611
0.948415, 0.317032

0.0, 0.0
0.684391, 0.355443
0.948077, 0.318041

0.0, 0.0
0.685859, 0.356274
0.947738, 0.31905

0.0, 0.0
0.687326, 0.357105
0.947398, 0.320059

0.0, 0.0
0.688791, 0.357934
0.947056, 0.321068

0.0, 0.0
0.690254, 0.358763
0.946714, 0.322076

0.0, 0.0
0.691716, 0.35959
0.94637, 0.323084

0.0, 0.0
0.693177, 0.360417
0.946026, 0.324091

0.0, 0.0
0.694636, 0.361243
0.94568, 0.325098

0.0, 0.0
0.696094, 0.362068
0.945334, 0.326105

0.0, 0.0
0.697551, 0.362893
0.944986, 0.327111

0.0, 0.0
0.699006, 0.363716
0.944637, 0.328117

0.0, 0.0
0.700459, 0.364538
0.944287, 0.329123

0.0, 0.0
0.701912, 0.36536
0.943936, 0.330128

0.0, 0.0
0.703363, 0.366181
0.943584, 0.331133

0.0, 0.0
0.704812, 0.367001
0.943231, 0.332137

0.0, 0.0
0.706261, 0.36782
0.942877, 0.333141

0.0, 0.0
0.707707, 0.368638
0.942522, 0.334145

0.0, 0.0
0.709153, 0.369455
0.942166, 0.335148

0.0, 0.0
0.710597, 0.370272
0.941808, 0.336151

0.0, 0.0
0.71204, 0.371087
0.94145, 0.337153

0.0, 0.0
0.713482, 0.371902
0.94109, 0.338156

0.0, 0.0
0.714922, 0.372716
0.94073, 0.339157

0.0, 0.0
0.716362, 0.373529
0.940368, 0.340159

0.0, 0.0
0.717799, 0.374341
0.940005, 0.34116

0.0, 0.0
0.719236, 0.375153
0.939642, 0.34216

0.0, 0.0
0.720671, 0.375963
0.939277, 0.343161

0.0, 0.0
0.722106, 0.376773
0.938911, 0.34416

0.0, 0.0
0.723539, 0.377582
0.938544, 0.34516

0.0, 0.0
0.72497, 0.37839
0.938176, 0.346159

0.0, 0.0
0.726401, 0.379198
0.937807, 0.347158

0.0, 0.0
0.72783, 0.380004
0.937437, 0.348156

0.0, 0.0
0.729259, 0.38081
0.937065, 0.349154

0.0, 0.0
0.730686, 0.381615
0.936693, 0.350151

0.0, 0.0
0.732111, 0.382419
0.93632, 0.351148

0.0, 0.0
0.733536, 0.383222
0.935945, 0.352145

0.0, 0.0
0.73496, 0.384025
0.93557, 0.353141

0.0, 0.0
0.736382, 0.384826
0.935194, 0.354137

0.0, 0.0
0.737804, 0.385627
0.934816, 0.355133

0.0, 0.0
0.739224, 0.386427
0.934437, 0.356128

0.0, 0.0
0.740643, 0.387226
0.934058, 0.357122

0.0, 0.0
0.742062, 0.388025
0.933677, 0.358117

0.0, 0.0
0.743479, 0.388822
0.933295, 0.35911

0.0, 0.0
0.744895, 0.389619
0.932912, 0.360104

0.0, 0.0
0.74631, 0.390415
0.932528, 0.361097

0.0, 0.0
0.747724, 0.39121
0.932143, 0.36209

0.0, 0.0
0.749137, 0.392005
0.931757, 0.363082

0.0, 0.0
0.750549, 0.392799
0.93137, 0.364074

0.0, 0.0
0.75196, 0.393591
0.930982, 0.365065

0.0, 0.0
0.75337, 0.394383
0.930593, 0.366056

0.0, 0.0
0.754779, 0.395175
0.930203, 0.367047

0.0, 0.0
0.756187, 0.395965
0.929811, 0.368037

0.0, 0.0
0.757595, 0.396755
0.929419, 0.369027

0.0, 0.0
0.759001, 0.397544
0.929025, 0.370016

0.0, 0.0
0.760406, 0.398332
0.928631, 0.371005

0.0, 0.0
0.761811, 0.399119
0.928235, 0.371993

0.0, 0.0
0.763215, 0.399906
0.927839, 0.372981

0.0, 0.0
0.764618, 0.400692
0.927441, 0.373969

0.0, 0.0
0.76602, 0.401477
0.927043, 0.374956

0.0, 0.0
0.767421, 0.402261
0.926643, 0.375943

0.0, 0.0
0.768821, 0.403045
0.926242, 0.376929

0.0, 0.0
0.770221, 0.403827
0.92584, 0.377915

0.0, 0.0
0.77162, 0.404609
0.925437, 0.378901

0.0, 0.0
0.773018, 0.40539
0.925033, 0.379886

0.0, 0.0
0.774415, 0.406171
0.924628, 0.38087

0.0, 0.0
0.775812, 0.40695
0.924222, 0.381855

0.0, 0.0
0.777208, 0.407729
0.923815, 0.382838

0.0, 0.0
0.778603, 0.408507
0.923407, 0.383822

0.0, 0.0
0.779998, 0.409284
0.922998, 0.384805

0.0, 0.0
0.781392, 0.410061
0.922588, 0.385787

0.0, 0.0
0.782785, 0.410836
0.922177, 0.386769

0.0, 0.0
0.784178, 0.411611
0.921764, 0.387751

0.0, 0.0
0.78557, 0.412385
0.921351, 0.388732

0.0, 0.0
0.786962, 0.413158
0.920936, 0.389713

0.0, 0.0
0.788353, 0.413931
0.920521, 0.390693

0.0, 0.0
0.789744, 0.414703
0.920105, 0.391673

0.0, 0.0
0.791134, 0.415474
0.919687, 0.392652

0.0, 0.0
0.792524, 0.416244
0.919268, 0.393631

0.0, 0.0
0.793913, 0.417013
0.918849, 0.39461

0.0, 0.0
0.795302, 0.417782
0.918428, 0.395588

0.0, 0.0
0.796691, 0.418549
0.918006, 0.396565

0.0, 0.0
0.798079, 0.419316
0.917584, 0.397543

0.0, 0.0
0.799467, 0.420082
0.91716, 0.398519

0.0, 0.0
0.800855, 0.420848
0.916735, 0.399496

0.0, 0.0
0.802242, 0.421612
0.916309, 0.400471

0.0, 0.0
0.803629, 0.422376
0.915882, 0.401447

0.0, 0.0
0.805016, 0.423139
0.915454, 0.402422

0.0, 0.0
0.806403, 0.423901
0.915025, 0.403396

0.0, 0.0
0.80779, 0.424662
0.914595, 0.40437

0.0, 0.0
0.809177, 0.425422
0.914164, 0.405344

0.0, 0.0
0.810564, 0.426181
0.913732, 0.406317

0.0, 0.0
0.811951, 0.42694
0.913299, 0.407289

0.0, 0.0
0.813338, 0.427698
0.912865, 0.408261

0.0, 0.0
0.814725, 0.428455
0.91243, 0.409233

0.0, 0.0
0.816112, 0.429211
0.911994, 0.410204

0.0, 0.0
0.817499, 0.429966
0.911556, 0.411175

0.0, 0.0
0.818887, 0.43072
0.911118, 0.412145

0.0, 0.0
0.820276, 0.431473
0.910679, 0.413115

0.0, 0.0
0.821664, 0.432225
0.910238, 0.414084

0.0, 0.0
0.823053, 0.432977
0.909797, 0.415053

0.0, 0.0
0.824443, 0.433727
0.909355, 0.416022

0.0, 0.0
0.825833, 0.434477
0.908911, 0.41699

0.0, 0.0
0.827225, 0.435225
0.908467, 0.417957

0.0, 0.0
0.828616, 0.435972
0.908021, 0.418924

0.0, 0.0
0.830009, 0.436719
0.907575, 0.419891

0.0, 0.0
0.831403, 0.437464
0.907127, 0.420857

0.0, 0.0
0.832798, 0.438208
0.906679, 0.421822

0.0, 0.0
0.834194, 0.438951
0.906229, 0.422787

0.0, 0.0
0.835592, 0.439693
0.905778, 0.423752

0.0, 0.0
0.836991, 0.440434
0.905327, 0.424716

0.0, 0.0
0.838392, 0.441174
0.904874, 0.42568

0.0, 0.0
0.839794, 0.441912
0.90442, 0.426643

0.0, 0.0
0.841199, 0.442649
0.903965, 0.427605

0.0, 0.0
0.842605, 0.443385
0.90351, 0.428568

0.0, 0.0
0.844014, 0.444119
0.903053, 0.429529

0.0, 0.0
0.845425, 0.444852
0.902595, 0.430491

0.0, 0.0
0.84684, 0.445583
0.902136, 0.431451

0.0, 0.0
0.848257, 0.446313
0.901676, 0.432412

0.0, 0.0
0.849677, 0.447041
0.901215, 0.433371

0.0, 0.0
0.851101, 0.447767
0.900754, 0.434331

0.0, 0.0
0.852529, 0.448491
0.900291, 0.435289

0.0, 0.0
0.853962, 0.449213
0.899827, 0.436248

0.0, 0.0
0.855399, 0.449933
0.899362, 0.437205

0.0, 0.0
0.856841, 0.450651
0.898896, 0.438163

0.0, 0.0
0.85829, 0.451366
0.898429, 0.439119

0.0, 0.0
0.859745, 0.452078
0.897961, 0.440076

0.0, 0.0
0.861206, 0.452787
0.897492, 0.441032

0.0, 0.0
0.862676, 0.453492
0.897022, 0.441987

0.0, 0.0
0.864155, 0.454194
0.89655, 0.442942

0.0, 0.0
0.865644, 0.454891
0.896078, 0.443896

0.0, 0.0
0.867144, 0.455583
0.895605, 0.44485

0.0, 0.0
0.868658, 0.456269
0.895131, 0.445803

0.0, 0.0
0.870186, 0.456949
0.894656, 0.446756

0.0, 0.0
0.871731, 0.45762
0.89418, 0.447708

0.0, 0.0
0.873296, 0.458281
0.893703, 0.44866

0.0, 0.0
0.874885, 0.458931
0.893224, 0.449611

0.0, 0.0
0.876502, 0.459564
0.892745, 0.450562

0.0, 0.0
0.878153, 0.460178
0.892265, 0.451512

0.0, 0.0
0.879847, 0.460765
0.891784, 0.452462

0.0, 0.0
0.881593, 0.461313
0.891302, 0.453411

0.0, 0.0
0.883407, 0.461804
0.890818, 0.45436

0.0, 0.0
0.885309, 0.462203
0.890334, 0.455308

0.0, 0.0
0.88732, 0.462442
0.889849, 0.456255

0.0, 0.0
0.889437, 0.462386
0.889363, 0.457203

0.0, 0.0
0.89152, 0.461831
0.888875, 0.458149

0.0, 0.0
0.893238, 0.46077
0.888387, 0.459095

0.0, 0.0
0.894483, 0.459518
0.887898, 0.460041

0.0, 0.0
0.895405, 0.458277
0.887407, 0.460986

0.0, 0.0
0.896139, 0.457095
0.886916, 0.461931

0.0, 0.0
0.896756, 0.455971
0.886424, 0.462875

0.0, 0.0
0.897296, 0.454896
0.88593, 0.463818

0.0, 0.0
0.897782, 0.453862
0.885436, 0.464761

0.0, 0.0
0.898229, 0.452861
0.884941, 0.465703

0.0, 0.0
0.898646, 0.451888
0.884444, 0.466645

0.0, 0.0
0.899039, 0.450938
0.883947, 0.467587

0.0, 0.0
0.899412, 0.450008
0.883449, 0.468528

0.0, 0.0
0.899769, 0.449095
0.88295, 0.469468

0.0, 0.0
0.900112, 0.448197
0.882449, 0.470408

0.0, 0.0
0.900444, 0.447311
0.881948, 0.471347

0.0, 0.0
0.900766, 0.446438
0.881446, 0.472286

0.0, 0.0
0.901078, 0.445574
0.880942, 0.473224

0.0, 0.0
0.901383, 0.444719
0.880438, 0.474162

0.0, 0.0
0.901681, 0.443873
0.879933, 0.475099

0.0, 0.0
0.901972, 0.443033
0.879426, 0.476035

0.0, 0.0
0.902257, 0.442201
0.878919, 0.476971

0.0, 0.0
0.902537, 0.441374
0.878411, 0.477907

0.0, 0.0
0.902812, 0.440553
0.877901, 0.478842

0.0, 0.0
0.903082, 0.439737
0.877391, 0.479776

0.0, 0.0
0.903348, 0.438926
0.87688, 0.48071

0.0, 0.0
0.90361, 0.438119
0.876367, 0.481643

0.0, 0.0
0.903868, 0.437316
0.875854, 0.482576

0.0, 0.0
0.904122, 0.436517
0.87534, 0.483508

0.0, 0.0
0.904373, 0.435721
0.874824, 0.48444

0.0, 0.0
0.904621, 0.434928
0.874308, 0.485371

0.0, 0.0
0.904866, 0.434138
0.873791, 0.486302

0.0, 0.0
0.905108, 0.433351
0.873273, 0.487232

0.0, 0.0
0.905347, 0.432567
0.872753, 0.488161

0.0, 0.0
0.905584, 0.431785
0.872233, 0.48909

0.0, 0.0
0.905818, 0.431005
0.871712, 0.490019

0.0, 0.0
0.906049, 0.430227
0.87119, 0.490946

0.0, 0.0
0.906278, 0.429451
0.870667, 0.491874

0.0, 0.0
0.906505, 0.428677
0.870142, 0.4928

0.0, 0.0
0.906729, 0.427905
0.869617, 0.493727

0.0, 0.0
0.906952, 0.427134
0.869091, 0.494652

0.0, 0.0
0.907172, 0.426365
0.868564, 0.495577

0.0, 0.0
0.90739, 0.425597
0.868036, 0.496502

0.0, 0.0
0.907606, 0.424831
0.867507, 0.497425

0.0, 0.0
0.907819, 0.424066
0.866977, 0.498349

0.0, 0.0
0.908032, 0.423302
0.866446, 0.499272

0.0, 0.0
0.908242, 0.422539
0.865913, 0.500194

0.0, 0.0
0.90845, 0.421778
0.86538, 0.501115

0.0, 0.0
0.908656, 0.421017
0.864846, 0.502036

0.0, 0.0
0.908861, 0.420257
0.864311, 0.502957

0.0, 0.0
0.909064, 0.419499
0.863775, 0.503877

0.0, 0.0
0.909265, 0.418741
0.863239, 0.504796

0.0, 0.0
0.909465, 0.417984
0.862701, 0.505715

0.0, 0.0
0.909662, 0.417227
0.862162, 0.506633

0.0, 0.0
0.909858, 0.416472
0.861622, 0.507551

0.0, 0.0
0.910053, 0.415717
0.861081, 0.508468

0.0, 0.0
0.910246, 0.414963
0.860539, 0.509384

0.0, 0.0
0.910437, 0.414209
0.859996, 0.5103

0.0, 0.0
0.910627, 0.413456
0.859452, 0.511216

0.0, 0.0
0.910815, 0.412704
0.858908, 0.51213

0.0, 0.0
0.911002, 0.411952
0.858362, 0.513045

0.0, 0.0
0.911187, 0.4112
0.857815, 0.513958

0.0, 0.0
0.911371, 0.410449
0.857268, 0.514871

0.0, 0.0
0.911553, 0.409698
0.856719, 0.515784

0.0, 0.0
0.911734, 0.408948
0.856169, 0.516695

0.0, 0.0
0.911913, 0.408198
0.855619, 0.517607

0.0, 0.0
0.912091, 0.407449
0.855067, 0.518517

0.0, 0.0
0.912267, 0.406699
0.854515, 0.519427

0.0, 0.0
0.912442, 0.405951
0.853961, 0.520337

0.0, 0.0
0.912616, 0.405202
0.853407, 0.521246

0.0, 0.0
0.912788, 0.404454
0.852851, 0.522154

0.0, 0.0
0.912958, 0.403706
0.852295, 0.523062

0.0, 0.0
0.913128, 0.402958
0.851737, 0.523969

0.0, 0.0
0.913296, 0.40221
0.851179, 0.524876

0.0, 0.0
0.913463, 0.401463
0.85062, 0.525782

0.0, 0.0
0.913628, 0.400715
0.850059, 0.526687

0.0, 0.0
0.913792, 0.399968
0.849498, 0.527592

0.0, 0.0
0.913954, 0.399221
0.848936, 0.528496

0.0, 0.0
0.914116, 0.398475
0.848373, 0.529399

0.0, 0.0
0.914276, 0.397728
0.847809, 0.530302

0.0, 0.0
0.914434, 0.396981
0.847244, 0.531205

0.0, 0.0
0.914592, 0.396235
0.846678, 0.532106

0.0, 0.0
0.914748, 0.395488
0.846111, 0.533007

0.0, 0.0
0.914902, 0.394742
0.845543, 0.533908

0.0, 0.0
0.915056, 0.393996
0.844974, 0.534808

0.0, 0.0
0.915208, 0.39325
0.844404, 0.535707

0.0, 0.0
0.915359, 0.392504
0.843833, 0.536606

0.0, 0.0
0.915509, 0.391757
0.843261, 0.537504

0.0, 0.0
0.915657, 0.391011
0.842688, 0.538402

0.0, 0.0
0.915804, 0.390265
0.842115, 0.539298

0.0, 0.0
0.91595, 0.389519
0.84154, 0.540195

0.0, 0.0
0.916094, 0.388773
0.840964, 0.54109

0.0, 0.0
0.916237, 0.388027
0.840388, 0.541985

0.0, 0.0
0.91638, 0.387281
0.83981, 0.54288

0.0, 0.0
0.91652, 0.386535
0.839232, 0.543774

0.0, 0.0
0.91666, 0.385789
0.838652, 0.544667

0.0, 0.0
0.916798, 0.385042
0.838072, 0.545559

0.0, 0.0
0.916935, 0.384296
0.837491, 0.546451

0.0, 0.0
0.917071, 0.38355
0.836909, 0.547343

0.0, 0.0
0.917206, 0.382803
0.836325, 0.548234

0.0, 0.0
0.917339, 0.382057
0.835741, 0.549124

0.0, 0.0
0.917471, 0.38131
0.835156, 0.550013

0.0, 0.0
0.917602, 0.380564
0.83457, 0.550902

0.0, 0.0
0.917732, 0.379817
0.833983, 0.55179

0.0, 0.0
0.91786, 0.37907
0.833395, 0.552678

0.0, 0.0
0.917988, 0.378323
0.832806, 0.553565

0.0, 0.0
0.918114, 0.377576
0.832216, 0.554451

0.0, 0.0
0.918238, 0.376829
0.831625, 0.555337

0.0, 0.0
0.918362, 0.376082
0.831034, 0.556222

0.0, 0.0
0.918485, 0.375334
0.830441, 0.557106

0.0, 0.0
0.918606, 0.374587
0.829847, 0.55799

0.0, 0.0
0.918726, 0.373839
0.829253, 0.558874

0.0, 0.0
0.918845, 0.373091
0.828657, 0.559756

0.0, 0.0
0.918962, 0.372344
0.828061, 0.560638

0.0, 0.0
0.919079, 0.371596
0.827464, 0.561519

0.0, 0.0
0.919194, 0.370847
0.826865, 0.5624

0.0, 0.0
0.919308, 0.370099
0.826266, 0.56328

0.0, 0.0
0.919421, 0.36935
0.825666, 0.564159

0.0, 0.0
0.919533, 0.368602
0.825065, 0.565038

0.0, 0.0
0.919643, 0.367853
0.824463, 0.565916

0.0, 0.0
0.919752, 0.367104
0.82386, 0.566794

0.0, 0.0
0.91986, 0.366355
0.823256, 0.567671

0.0, 0.0
0.919967, 0.365605
0.822651, 0.568547

0.0, 0.0
0.920073, 0.364856
0.822045, 0.569422

0.0, 0.0
0.920178, 0.364106
0.821438, 0.570297

0.0, 0.0
0.920281, 0.363356
0.820831, 0.571171

0.0, 0.0
0.920383, 0.362606
0.820222, 0.572045

0.0, 0.0
0.920484, 0.361856
0.819613, 0.572918

0.0, 0.0
0.920584, 0.361105
0.819002, 0.57379

0.0, 0.0
0.920683, 0.360355
0.818391, 0.574662

0.0, 0.0
0.92078, 0.359604
0.817779, 0.575533

0.0, 0.0
0.920877, 0.358853
0.817165, 0.576403

0.0, 0.0
0.920972, 0.358102
0.816551, 0.577273

0.0, 0.0
0.921066, 0.35735
0.815936, 0.578142

0.0, 0.0
0.921159, 0.356598
0.81532, 0.57901

0.0, 0.0
0.92125, 0.355847
0.814703, 0.579878

0.0, 0.0
0.921341, 0.355095
0.814085, 0.580745

0.0, 0.0
0.92143, 0.354342
0.813467, 0.581612

0.0, 0.0
0.921518, 0.35359
0.812847, 0.582477

0.0, 0.0
0.921605, 0.352837
0.812226, 0.583342

0.0, 0.0
0.921691, 0.352084
0.811605, 0.584207

0.0, 0.0
0.921776, 0.351331
0.810982, 0.585071

0.0, 0.0
0.921859, 0.350577
0.810359, 0.585934

0.0, 0.0
0.921942, 0.349824
0.809735, 0.586796

0.0, 0.0
0.922023, 0.34907
0.809109, 0.587658

0.0, 0.0
0.922103, 0.348316
0.808483, 0.588519

0.0, 0.0
0.922182, 0.347562
0.807856, 0.58938

0.0, 0.0
0.922259, 0.346807
0.807228, 0.590239

0.0, 0.0
0.922336, 0.346052
0.806599, 0.591098

0.0, 0.0
0.922411, 0.345297
0.80597, 0.591957

0.0, 0.0
0.922485, 0.344542
0.805339, 0.592815

0.0, 0.0
0.922558, 0.343786
0.804707, 0.593672

0.0, 0.0
0.92263, 0.343031
0.804075, 0.594528

0.0, 0.0
0.922701, 0.342275
0.803441, 0.595384

0.0, 0.0
0.92277, 0.341518
0.802807, 0.596239

0.0, 0.0
0.922839, 0.340762
0.802172, 0.597093

0.0, 0.0
0.922906, 0.340005
0.801536, 0.597947

0.0, 0.0
0.922972, 0.339248
0.800899, 0.5988

0.0, 0.0
0.923037, 0.338491
0.800261, 0.599652

0.0, 0.0
0.9231, 0.337734
0.799622, 0.600504

0.0, 0.0
0.923163, 0.336976
0.798982, 0.601355

0.0, 0.0
0.923224, 0.336218
0.798341, 0.602205

0.0, 0.0
0.923285, 0.33546
0.7977, 0.603055

0.0, 0.0
0.923344, 0.334701
0.797057, 0.603904

0.0, 0.0
0.923401, 0.333942
0.796414, 0.604752

0.0, 0.0
0.923458, 0.333183
0.795769, 0.6056

0.0, 0.0
0.923514, 0.332424
0.795124, 0.606447

0.0, 0.0
0.923568, 0.331665
0.794478, 0.607293

0.0, 0.0
0.923622, 0.330905
0.793831, 0.608138

0.0, 0.0
0.923674, 0.330145
0.793183, 0.608983

0.0, 0.0
0.923725, 0.329385
0.792534, 0.609827

0.0, 0.0
0.923774, 0.328624
0.791884, 0.610671

0.0, 0.0
0.923823, 0.327863
0.791234, 0.611514

0.0, 0.0
0.92387, 0.327102
0.790582, 0.612356

0.0, 0.0
0.923917, 0.326341
0.78993, 0.613197

0.0, 0.0
0.923962, 0.325579
0.789277, 0.614038

0.0, 0.0
0.924006, 0.324817
0.788622, 0.614878

0.0, 0.0
0.924049, 0.324055
0.787967, 0.615717

0.0, 0.0
0.92409, 0.323293
0.787311, 0.616556

0.0, 0.0
0.924131, 0.32253
0.786654, 0.617394

0.0, 0.0
0.92417, 0.321767
0.785997, 0.618231

0.0, 0.0
0.924208, 0.321004
0.785338, 0.619067

0.0, 0.0
0.924245, 0.320241
0.784678, 0.619903

0.0, 0.0
0.924281, 0.319477
0.784018, 0.620738

0.0, 0.0
0.924316, 0.318713
0.783357, 0.621572

0.0, 0.0
0.924349, 0.317949
0.782694, 0.622406

0.0, 0.0
0.924382, 0.317184
0.782031, 0.623239

0.0, 0.0
0.924413, 0.316419
0.781367, 0.624071

0.0, 0.0
0.924443, 0.315654
0.780703, 0.624903

0.0, 0.0
0.924472, 0.314889
0.780037, 0.625734

0.0, 0.0
0.9245, 0.314123
0.77937, 0.626564

0.0, 0.0
0.924526, 0.313357
0.778703, 0.627393

0.0, 0.0
0.924552, 0.312591
0.778034, 0.628222

0.0, 0.0
0.924576, 0.311825
0.777365, 0.62905

0.0, 0.0
0.924599, 0.311058
0.776695, 0.629877

0.0, 0.0
0.924621, 0.310291
0.776024, 0.630704

0.0, 0.0
0.924642, 0.309524
0.775352, 0.63153

0.0, 0.0
0.924661, 0.308756
0.774679, 0.632355

0.0, 0.0
0.92468, 0.307988
0.774005, 0.633179

0.0, 0.0
0.924697, 0.30722
0.773331, 0.634003

0.0, 0.0
0.924713, 0.306452
0.772655, 0.634826

0.0, 0.0
0.924728, 0.305683
0.771979, 0.635648

0.0, 0.0
0.924741, 0.304914
0.771302, 0.63647

0.0, 0.0
0.924754, 0.304145
0.770624, 0.637291

0.0, 0.0
0.924765, 0.303375
0.769945, 0.638111

0.0, 0.0
0.924776, 0.302606
0.769265, 0.63893

0.0, 0.0
0.924785, 0.301836
0.768584, 0.639749

0.0, 0.0
0.924793, 0.301065
0.767903, 0.640567

0.0, 0.0
0.924799, 0.300295
0.76722, 0.641384

0.0, 0.0
0.924805, 0.299524
0.766537, 0.6422

0.0, 0.0
0.924809, 0.298753
0.765853, 0.643016

0.0, 0.0
0.924812, 0.297981
0.765168, 0.643831

0.0, 0.0
0.924814, 0.29721
0.764482, 0.644645

0.0, 0.0
0.924815, 0.296438
0.763795, 0.645459

0.0, 0.0
0.924815, 0.295665
0.763107, 0.646272

0.0, 0.0
0.924814, 0.294893
0.762419, 0.647084

0.0, 0.0
0.924811, 0.29412
0.761729, 0.647895

0.0, 0.0
0.924807, 0.293347
0.761039, 0.648706

0.0, 0.0
0.924802, 0.292573
0.760348, 0.649516

0.0, 0.0
0.924796, 0.2918
0.759656, 0.650325

0.0, 0.0
0.924789, 0.291026
0.758963, 0.651133

0.0, 0.0
0.92478, 0.290252
0.75827, 0.651941

0.0, 0.0
0.92477, 0.289477
0.757575, 0.652748

0.0, 0.0
0.924759, 0.288702
0.75688, 0.653554

0.0, 0.0
0.924747, 0.287927
0.756183, 0.65436

0.0, 0.0
0.924734, 0.287152
0.755486, 0.655164

0.0, 0.0
0.92472, 0.286376
0.754788, 0.655968

0.0, 0.0
0.924704, 0.2856
0.754089, 0.656772

0.0, 0.0
0.924687, 0.284824
0.75339, 0.657574

0.0, 0.0
0.924669, 0.284048
0.752689, 0.658376

0.0, 0.0
0.92465, 0.283271
0.751988, 0.659177

0.0, 0.0
0.92463, 0.282494
0.751286, 0.659977

0.0, 0.0
0.924608, 0.281717
0.750583, 0.660777

0.0, 0.0
0.924586, 0.280939
0.749879, 0.661575

0.0, 0.0
0.924562, 0.280161
0.749174, 0.662373

0.0, 0.0
0.924537, 0.279383
0.748468, 0.663171

0.0, 0.0
0.924511, 0.278605
0.747762, 0.663967

0.0, 0.0
0.924483, 0.277826
0.747054, 0.664763

0.0, 0.0
0.924455, 0.277047
0.746346, 0.665558

0.0, 0.0
0.924425, 0.276268
0.745637, 0.666352

0.0, 0.0
0.924394, 0.275489
0.744927, 0.667146

0.0, 0.0
0.924362, 0.274709
0.744217, 0.667938

0.0, 0.0
0.924328, 0.273929
0.743505, 0.66873

0.0, 0.0
0.924294, 0.273148
0.742793, 0.669522

0.0, 0.0
0.924258, 0.272368
0.742079, 0.670312

0.0, 0.0
0.924221, 0.271587
0.741365, 0.671102

0.0, 0.0
0.924183, 0.270806
0.74065, 0.671891

0.0, 0.0
0.924144, 0.270024
0.739935, 0.672679

0.0, 0.0
0.924103, 0.269243
0.739218, 0.673466

0.0, 0.0
0.924062, 0.268461
0.738501, 0.674253

0.0, 0.0
0.924019, 0.267678
0.737782, 0.675039

0.0, 0.0
0.923975, 0.266896
0.737063, 0.675824

0.0, 0.0
0.923929, 0.266113
0.736343, 0.676608

0.0, 0.0
0.923883, 0.26533
0.735622, 0.677392

0.0, 0.0
0.923835, 0.264547
0.734901, 0.678175

0.0, 0.0
0.923787, 0.263763
0.734178, 0.678957

0.0, 0.0
0.923736, 0.262979
0.733455, 0.679738

0.0, 0.0
0.923685, 0.262195
0.732731, 0.680519

0.0, 0.0
0.923633, 0.26141
0.732006, 0.681298

0.0, 0.0
0.923579, 0.260626
0.73128, 0.682077

0.0, 0.0
0.923524, 0.259841
0.730554, 0.682855

0.0, 0.0
0.923468, 0.259055
0.729826, 0.683633

0.0, 0.0
0.923411, 0.25827
0.729098, 0.684409

0.0, 0.0
0.923353, 0.257484
0.728369, 0.685185

0.0, 0.0
0.923293, 0.256698
0.727639, 0.68596

0.0, 0.0
0.923232, 0.255912
0.726908, 0.686735

0.0, 0.0
0.92317, 0.255125
0.726177, 0.687508

0.0, 0.0
0.923107, 0.254338
0.725444, 0.688281

0.0, 0.0
0.923042, 0.253551
0.724711, 0.689053

0.0, 0.0
0.922977, 0.252763
0.723977, 0.689824

0.0, 0.0
0.92291, 0.251976
0.723242, 0.690595

0.0, 0.0
0.922842, 0.251188
0.722506, 0.691364

0.0, 0.0
0.922772, 0.2504
0.72177, 0.692133

0.0, 0.0
0.922702, 0.249611
0.721033, 0.692901

0.0, 0.0
0.92263, 0.248822
0.720294, 0.693668

0.0, 0.0
0.922557, 0.248033
0.719556, 0.694435

0.0, 0.0
0.922483, 0.247244
0.718816, 0.695201

0.0, 0.0
0.922408, 0.246454
0.718075, 0.695966

0.0, 0.0
0.922331, 0.245664
0.717334, 0.69673

0.0, 0.0
0.922254, 0.244874
0.716592, 0.697493

0.0, 0.0
0.922175, 0.244084
0.715849, 0.698256

0.0, 0.0
0.922094, 0.243293
0.715105, 0.699017

0.0, 0.0
0.922013, 0.242502
0.71436, 0.699778

0.0, 0.0
0.92193, 0.241711
0.713615, 0.700538

0.0, 0.0
0.921846, 0.24092
0.712868, 0.701298

0.0, 0.0
0.921761, 0.240128
0.712121, 0.702056

0.0, 0.0
0.921675, 0.239336
0.711373, 0.702814

0.0, 0.0
0.921588, 0.238544
0.710625, 0.703571

0.0, 0.0
0.921499, 0.237751
0.709875, 0.704327

0.0, 0.0
0.921409, 0.236959
0.709125, 0.705083

0.0, 0.0
0.921318, 0.236166
0.708374, 0.705837

0.0, 0.0
0.921225, 0.235372
0.707622, 0.706591

0.0, 0.0
0.921132, 0.234579
0.706869, 0.707344

0.0, 0.0
0.921037, 0.233785
0.706116, 0.708096

0.0, 0.0
0.920941, 0.232991
0.705362, 0.708848

0.0, 0.0
0.920844, 0.232197
0.704606, 0.709598

0.0, 0.0
0.920745, 0.231402
0.703851, 0.710348

0.0, 0.0
0.920645, 0.230607
0.703094, 0.711097

0.0, 0.0
0.920544, 0.229812
0.702336, 0.711845

0.0, 0.0
0.920442, 0.229017
0.701578, 0.712593

0.0, 0.0
0.920339, 0.228221
0.700819, 0.713339

0.0, 0.0
0.920234, 0.227425
0.700059, 0.714085

0.0, 0.0
0.920128, 0.226629
0.699299, 0.71483

0.0, 0.0
0.920021, 0.225833
0.698537, 0.715574

0.0, 0.0
0.919913, 0.225036
0.697775, 0.716317

0.0, 0.0
0.919803, 0.224239
0.697012, 0.71706

0.0, 0.0
0.919692, 0.223442
0.696248, 0.717801

0.0, 0.0
0.91958, 0.222645
0.695483, 0.718542

0.0, 0.0
0.919467, 0.221847
0.694718, 0.719282

0.0, 0.0
0.919352, 0.221049
0.693952, 0.720022

0.0, 0.0
0.919236, 0.220251
0.693185, 0.72076

0.0, 0.0
0.919119, 0.219453
0.692417, 0.721498

0.0, 0.0
0.919001, 0.218654
0.691648, 0.722234

0.0, 0.0
0.918882, 0.217855
0.690879, 0.72297

0.0, 0.0
0.918761, 0.217056
0.690109, 0.723706

0.0, 0.0
0.918639, 0.216257
0.689338, 0.72444

0.0, 0.0
0.918516, 0.215457
0.688566, 0.725173

0.0, 0.0
0.918391, 0.214657
0.687794, 0.725906

0.0, 0.0
0.918265, 0.213857
0.687021, 0.726638

0.0, 0.0
0.918138, 0.213057
0.686247, 0.727369

0.0, 0.0
0.91801, 0.212256
0.685472, 0.728099

0.0, 0.0
0.917881, 0.211455
0.684696, 0.728829

0.0, 0.0
0.91775, 0.210654
0.68392, 0.729557

0.0, 0.0
0.917618, 0.209853
0.683143, 0.730285

0.0, 0.0
0.917485, 0.209051
0.682365, 0.731012

0.0, 0.0
0.91735, 0.208249
0.681586, 0.731738

0.0, 0.0
0.917214, 0.207447
0.680807, 0.732463

0.0, 0.0
0.917077, 0.206645
0.680026, 0.733188

0.0, 0.0
0.916939, 0.205842
0.679245, 0.733911

0.0, 0.0
0.9168, 0.20504
0.678464, 0.734634

0.0, 0.0
0.916659, 0.204237
0.677681, 0.735356

0.0, 0.0
0.916517, 0.203433
0.676898, 0.736077

0.0, 0.0
0.916373, 0.20263
0.676114, 0.736797

0.0, 0.0
0.916229, 0.201826
0.675329, 0.737517

0.0, 0.0
0.916083, 0.201022
0.674543, 0.738235

0.0, 0.0
0.915936, 0.200218
0.673757, 0.738953

0.0, 0.0
0.915788, 0.199413
0.67297, 0.73967

0.0, 0.0
0.915638, 0.198609
0.672182, 0.740386

0.0, 0.0
0.915487, 0.197804
0.671393, 0.741101

0.0, 0.0
0.915335, 0.196998
0.670604, 0.741816

0.0, 0.0
0.915182, 0.196193
0.669814, 0.742529

0.0, 0.0
0.915027, 0.195387
0.669023, 0.743242

0.0, 0.0
0.914871, 0.194582
0.668231, 0.743954

0.0, 0.0
0.914714, 0.193775
0.667439, 0.744665

0.0, 0.0
0.914555, 0.192969
0.666645, 0.745375

0.0, 0.0
0.914396, 0.192162
0.665851, 0.746084

0.0, 0.0
0.914234, 0.191356
0.665057, 0.746793

0.0, 0.0
0.914072, 0.190549
0.664261, 0.7475

0.0, 0.0
0.913909, 0.189741
0.663465, 0.748207

0.0, 0.0
0.913744, 0.188934
0.662668, 0.748913

0.0, 0.0
0.913578, 0.188126
0.66187, 0.749618

0.0, 0.0
0.91341, 0.187318
0.661072, 0.750323

0.0, 0.0
0.913241, 0.18651
0.660273, 0.751026

0.0, 0.0
0.913072, 0.185702
0.659473, 0.751729

0.0, 0.0
0.9129, 0.184893
0.658672, 0.75243

0.0, 0.0
0.912728, 0.184084
0.65787, 0.753131

0.0, 0.0
0.912554, 0.183275
0.657068, 0.753831

0.0, 0.0
0.912379, 0.182466
0.656265, 0.75453

0.0, 0.0
0.912202, 0.181656
0.655462, 0.755229

0.0, 0.0
0.912025, 0.180847
0.654657, 0.755926

0.0, 0.0
0.911846, 0.180037
0.653852, 0.756623

0.0, 0.0
0.911665, 0.179226
0.653046, 0.757318

0.0, 0.0
0.911484, 0.178416
0.652239, 0.758013

0.0, 0.0
0.911301, 0.177605
0.651432, 0.758707

0.0, 0.0
0.911117, 0.176795
0.650624, 0.7594

0.0, 0.0
0.910932, 0.175983
0.649815, 0.760093

0.0, 0.0
0.910745, 0.175172
0.649005, 0.760784

0.0, 0.0
0.910557, 0.174361
0.648195, 0.761474

0.0, 0.0
0.910368, 0.173549
0.647384, 0.762164

0.0, 0.0
0.910177, 0.172737
0.646572, 0.762853

0.0, 0.0
0.909985, 0.171925
0.645759, 0.763541

0.0, 0.0
0.909792, 0.171113
0.644946, 0.764228

0.0, 0.0
0.909597, 0.1703
0.644132, 0.764914

0.0, 0.0
0.909402, 0.169487
0.643317, 0.7656

0.0, 0.0
0.909204, 0.168674
0.642502, 0.766284

0.0, 0.0
0.909006, 0.167861
0.641686, 0.766968

0.0, 0.0
0.908806, 0.167048
0.640869, 0.767651

0.0, 0.0
0.908605, 0.166234
0.640051, 0.768332

0.0, 0.0
0.908403, 0.16542
0.639233, 0.769013

0.0, 0.0
0.908199, 0.164606
0.638414, 0.769694

0.0, 0.0
0.907994, 0.163792
0.637594, 0.770373

0.0, 0.0
0.907788, 0.162978
0.636773, 0.771051

0.0, 0.0
0.907581, 0.162163
0.635952, 0.771729

0.0, 0.0
0.907372, 0.161348
0.63513, 0.772405

0.0, 0.0
0.907161, 0.160533
0.634307, 0.773081

0.0, 0.0
0.90695, 0.159718
0.633484, 0.773756

0.0, 0.0
0.906737, 0.158902
0.63266, 0.77443

0.0, 0.0
0.906523, 0.158087
0.631835, 0.775103

0.0, 0.0
0.906308, 0.157271
0.631009, 0.775775

0.0, 0.0
0.906091, 0.156455
0.630183, 0.776447

0.0, 0.0
0.905873, 0.155639
0.629356, 0.777117

0.0, 0.0
0.905653, 0.154822
0.628528, 0.777787

0.0, 0.0
0.905432, 0.154006
0.6277, 0.778456

0.0, 0.0
0.90521, 0.153189
0.62687, 0.779124

0.0, 0.0
0.904987, 0.152372
0.62604, 0.779791

0.0, 0.0
0.904762, 0.151554
0.62521, 0.780457

0.0, 0.0
0.904536, 0.150737
0.624379, 0.781122

0.0, 0.0
0.904309, 0.149919
0.623547, 0.781786

0.0, 0.0
0.90408, 0.149102
0.622714, 0.78245

0.0, 0.0
0.90385, 0.148284
0.62188, 0.783112

0.0, 0.0
0.903619, 0.147465
0.621046, 0.783774

0.0, 0.0
0.903386, 0.146647
0.620212, 0.784435

0.0, 0.0
0.903152, 0.145828
0.619376, 0.785094

0.0, 0.0
0.902917, 0.14501
0.61854, 0.785753

0.0, 0.0
0.90268, 0.144191
0.617703, 0.786412

0.0, 0.0
0.902442, 0.143372
0.616865, 0.787069

0.0, 0.0
0.902203, 0.142552
0.616027, 0.787725

0.0, 0.0
0.901962, 0.141733
0.615188, 0.788381

0.0, 0.0
0.90172, 0.140913
0.614348, 0.789035

0.0, 0.0
0.901476, 0.140093
0.613508, 0.789689

0.0, 0.0
0.901232, 0.139273
0.612667, 0.790341

0.0, 0.0
0.900986, 0.138453
0.611825, 0.790993

0.0, 0.0
0.900738, 0.137633
0.610982, 0.791644

0.0, 0.0
0.900489, 0.136812
0.610139, 0.792294

0.0, 0.0
0.900239, 0.135991
0.609295, 0.792943

0.0, 0.0
0.899988, 0.13517
0.608451, 0.793592

0.0, 0.0
0.899735, 0.134349
0.607605, 0.794239

0.0, 0.0
0.899481, 0.133528
0.606759, 0.794885

0.0, 0.0
0.899225, 0.132706
0.605913, 0.795531

0.0, 0.0
0.898968, 0.131885
0.605065, 0.796176

0.0, 0.0
0.89871, 0.131063
0.604217, 0.796819

0.0, 0.0
0.89845, 0.130241
0.603369, 0.797462

0.0, 0.0
0.898189, 0.129419
0.602519, 0.798104

0.0, 0.0
0.897927, 0.128596
0.601669, 0.798745

0.0, 0.0
0.897663, 0.127774
0.600819, 0.799385

0.0, 0.0
0.897398, 0.126951
0.599967, 0.800025

0.0, 0.0
0.897132, 0.126128
0.599115, 0.800663

0.0, 0.0
0.896864, 0.125305
0.598262, 0.8013

0.0, 0.0
0.896595, 0.124482
0.597409, 0.801937

0.0, 0.0
0.896325, 0.123659
0.596555, 0.802572

0.0, 0.0
0.896053, 0.122835
0.5957, 0.803207

0.0, 0.0
0.895779, 0.122012
0.594844, 0.803841

0.0, 0.0
0.895505, 0.121188
0.593988, 0.804474

0.0, 0.0
0.895229, 0.120364
0.593131, 0.805106

0.0, 0.0
0.894951, 0.11954
0.592274, 0.805737

0.0, 0.0
0.894673, 0.118715
0.591416, 0.806367

0.0, 0.0
0.894393, 0.117891
0.590557, 0.806996

0.0, 0.0
0.894111, 0.117066
0.589697, 0.807624

0.0, 0.0
0.893828, 0.116242
0.588837, 0.808252

0.0, 0.0
0.893544, 0.115417
0.587976, 0.808878

0.0, 0.0
0.893258, 0.114592
0.587115, 0.809504

0.0, 0.0
0.892971, 0.113766
0.586252, 0.810128

0.0, 0.0
0.892683, 0.112941
0.58539, 0.810752

0.0, 0.0
0.892393, 0.112115
0.584526, 0.811375

0.0, 0.0
0.892102, 0.11129
0.583662, 0.811997

0.0, 0.0
0.89181, 0.110464
0.582797, 0.812618

0.0, 0.0
0.891516, 0.109638
0.581932, 0.813238

0.0, 0.0
0.89122, 0.108812
0.581065, 0.813857

0.0, 0.0
0.890924, 0.107985
0.580199, 0.814475

0.0, 0.0
0.890625, 0.107159
0.579331, 0.815092

0.0, 0.0
0.890326, 0.106332
0.578463, 0.815709

0.0, 0.0
0.890025, 0.105505
0.577594, 0.816324

0.0, 0.0
0.889723, 0.104679
0.576725, 0.816939

0.0, 0.0
0.889419, 0.103852
0.575855, 0.817552

