0.0, 0.0
0.0165925, 0
1, 0

0.0, 0.0
0.0254615, 0.00502048
0.999999, 0.00106468

0.0, 0.0
0.0325745, 0.00973806
0.999998, 0.00212936

0.0, 0.0
0.0387266, 0.0141775
0.999995, 0.00319403

0.0, 0.0
0.0442476, 0.018389
0.999991, 0.00425871

0.0, 0.0
0.0493118, 0.022412
0.999986, 0.00532337

0.0, 0.0
0.0540249, 0.0262761
0.99998, 0.00638804

0.0, 0.0
0.0584566, 0.0300037
0.999972, 0.00745269

0.0, 0.0
0.062656, 0.0336123
0.999964, 0.00851734

0.0, 0.0
0.0666591, 0.0371158
0.999954, 0.00958197

0.0, 0.0
0.0704932, 0.0405253
0.999943, 0.0106466

0.0, 0.0
0.0741798, 0.04385
0.999931, 0.0117112

0.0, 0.0
0.077736, 0.0470978
0.999918, 0.0127758

0.0, 0.0
0.0811759, 0.050275
0.999904, 0.0138404

0.0, 0.0
0.0845109, 0.0533873
0.999889, 0.014905

0.0, 0.0
0.0877508, 0.0564396
0.999872, 0.0159695

0.0, 0.0
0.090904, 0.0594361
0.999855, 0.0170341

0.0, 0.0
0.0939774, 0.0623805
0.999836, 0.0180986

0.0, 0.0
0.0969773, 0.0652761
0.999816, 0.0191631

0.0, 0.0
0.0999091, 0.0681257
0.999795, 0.0202275

0.0, 0.0
0.102777, 0.0709321
0.999773, 0.021292

0.0, 0.0
0.105586, 0.0736976
0.99975, 0.0223564

0.0, 0.0
0.10834, 0.0764244
0.999726, 0.0234208

0.0, 0.0
0.111041, 0.0791143
0.9997, 0.0244852

0.0, 0.0
0.113693, 0.0817691
0.999674, 0.0255495

0.0, 0.0
0.116299, 0.0843906
0.999646, 0.0266139

0.0, 0.0
0.118861, 0.0869801
0.999617, 0.0276781

0.0, 0.0
0.121381, 0.089539
0.999587, 0.0287424

0.0, 0.0
0.123861, 0.0920686
0.999556, 0.0298066

0.0, 0.0
0.126303, 0.0945702
0.999523, 0.0308708

0.0, 0.0
0.128709, 0.0970446
0.99949, 0.031935

0.0, 0.0
0.131081, 0.0994931
0.999455, 0.0329991

0.0, 0.0
0.13342, 0.101917
0.99942, 0.0340632

0.0, 0.0
0.135727, 0.104316
0.999383, 0.0351272

0.0, 0.0
0.138004, 0.106692
0.999345, 0.0361912

0.0, 0.0
0.140252, 0.109045
0.999306, 0.0372552

0.0, 0.0
0.142471, 0.111376
0.999266, 0.0383191

0.0, 0.0
0.144664, 0.113687
0.999224, 0.039383

0.0, 0.0
0.14683, 0.115977
0.999182, 0.0404468

0.0, 0.0
0.148972, 0.118247
0.999138, 0.0415106

0.0, 0.0
0.151089, 0.120497
0.999093, 0.0425743

0.0, 0.0
0.153183, 0.122729
0.999047, 0.043638

0.0, 0.0
0.155253, 0.124943
0.999, 0.0447017

0.0, 0.0
0.157302, 0.127139
0.998952, 0.0457652

0.0, 0.0
0.15933, 0.129318
0.998903, 0.0468288

0.0, 0.0
0.161337, 0.13148
0.998853, 0.0478923

0.0, 0.0
0.163324, 0.133625
0.998801, 0.0489557

0.0, 0.0
0.165291, 0.135755
0.998748, 0.0500191

0.0, 0.0
0.167239, 0.137869
0.998694, 0.0510824

0.0, 0.0
0.169169, 0.139968
0.998639, 0.0521457

0.0, 0.0
0.171081, 0.142052
0.998583, 0.0532089

0.0, 0.0
0.172976, 0.144121
0.998526, 0.054272

0.0, 0.0
0.174854, 0.146176
0.998468, 0.0553351

0.0, 0.0
0.176715, 0.148218
0.998408, 0.0563981

0.0, 0.0
0.178559, 0.150246
0.998348, 0.0574611

0.0, 0.0
0.180389, 0.15226
0.998286, 0.0585239

0.0, 0.0
0.182202, 0.154262
0.998223, 0.0595868

0.0, 0.0
0.184001, 0.156251
0.998159, 0.0606495

0.0, 0.0
0.185785, 0.158227
0.998094, 0.0617122

0.0, 0.0
0.187555, 0.160192
0.998028, 0.0627748

0.0, 0.0
0.189311, 0.162144
0.99796, 0.0638374

0.0, 0.0
0.191053, 0.164084
0.997892, 0.0648998

0.0, 0.0
0.192782, 0.166013
0.997822, 0.0659622

0.0, 0.0
0.194497, 0.167931
0.997751, 0.0670246

0.0, 0.0
0.1962, 0.169837
0.997679, 0.0680868

0.0, 0.0
0.19789, 0.171733
0.997606, 0.069149

0.0, 0.0
0.199568, 0.173618
0.997532, 0.0702111

0.0, 0.0
0.201233, 0.175492
0.997457, 0.0712731

0.0, 0.0
0.202887, 0.177356
0.99738, 0.072335

0.0, 0.0
0.204529, 0.17921
0.997303, 0.0733969

0.0, 0.0
0.20616, 0.181054
0.997224, 0.0744586

0.0, 0.0
0.20778, 0.182888
0.997144, 0.0755203

0.0, 0.0
0.209389, 0.184712
0.997063, 0.0765819

0.0, 0.0
0.210987, 0.186527
0.996981, 0.0776434

0.0, 0.0
0.212574, 0.188332
0.996898, 0.0787048

0.0, 0.0
0.214151, 0.190128
0.996814, 0.0797662

0.0, 0.0
0.215718, 0.191915
0.996728, 0.0808274

0.0, 0.0
0.217274, 0.193693
0.996641, 0.0818886

0.0, 0.0
0.218821, 0.195462
0.996554, 0.0829496

0.0, 0.0
0.220358, 0.197223
0.996465, 0.0840106

0.0, 0.0
0.221886, 0.198975
0.996375, 0.0850715

0.0, 0.0
0.223404, 0.200719
0.996284, 0.0861322

0.0, 0.0
0.224913, 0.202454
0.996191, 0.0871929

0.0, 0.0
0.226413, 0.204181
0.996098, 0.0882535

0.0, 0.0
0.227904, 0.2059
0.996004, 0.0893139

0.0, 0.0
0.229386, 0.207611
0.995908, 0.0903743

0.0, 0.0
0.230859, 0.209314
0.995811, 0.0914346

0.0, 0.0
0.232324, 0.211009
0.995713, 0.0924948

0.0, 0.0
0.233781, 0.212697
0.995614, 0.0935548

0.0, 0.0
0.235229, 0.214377
0.995514, 0.0946148

0.0, 0.0
0.236669, 0.21605
0.995413, 0.0956746

0.0, 0.0
0.238101, 0.217715
0.99531, 0.0967344

0.0, 0.0
0.239525, 0.219373
0.995207, 0.097794

0.0, 0.0
0.240941, 0.221024
0.995102, 0.0988535

0.0, 0.0
0.24235, 0.222668
0.994996, 0.0999129

0.0, 0.0
0.243751, 0.224304
0.994889, 0.100972

0.0, 0.0
0.245144, 0.225934
0.994781, 0.102031

0.0, 0.0
0.24653, 0.227557
0.994672, 0.10309

0.0, 0.0
0.247909, 0.229173
0.994562, 0.104149

0.0, 0.0
0.24928, 0.230783
0.99445, 0.105208

0.0, 0.0
0.250645, 0.232386
0.994338, 0.106267

0.0, 0.0
0.252002, 0.233982
0.994224, 0.107326

0.0, 0.0
0.253353, 0.235572
0.994109, 0.108384

0.0, 0.0
0.254696, 0.237155
0.993993, 0.109442

0.0, 0.0
0.256033, 0.238732
0.993876, 0.110501

0.0, 0.0
0.257363, 0.240303
0.993758, 0.111559

0.0, 0.0
0.258687, 0.241868
0.993639, 0.112617

0.0, 0.0
0.260004, 0.243427
0.993518, 0.113675

0.0, 0.0
0.261314, 0.244979
0.993396, 0.114732

0.0, 0.0
0.262619, 0.246526
0.993274, 0.11579

0.0, 0.0
0.263917, 0.248066
0.99315, 0.116847

0.0, 0.0
0.265208, 0.249601
0.993025, 0.117905

0.0, 0.0
0.266494, 0.25113
0.992899, 0.118962

0.0, 0.0
0.267774, 0.252653
0.992772, 0.120019

0.0, 0.0
0.269047, 0.254171
0.992643, 0.121076

0.0, 0.0
0.270315, 0.255683
0.992514, 0.122133

0.0, 0.0
0.271577, 0.257189
0.992383, 0.123189

0.0, 0.0
0.272833, 0.25869
0.992251, 0.124246

0.0, 0.0
0.274083, 0.260185
0.992119, 0.125302

0.0, 0.0
0.275327, 0.261675
0.991985, 0.126358

0.0, 0.0
0.276566, 0.26316
0.99185, 0.127414

0.0, 0.0
0.2778, 0.264639
0.991713, 0.12847

0.0, 0.0
0.279028, 0.266113
0.991576, 0.129526

0.0, 0.0
0.28025, 0.267582
0.991438, 0.130582

0.0, 0.0
0.281467, 0.269045
0.991298, 0.131637

0.0, 0.0
0.282679, 0.270504
0.991157, 0.132692

0.0, 0.0
0.283885, 0.271957
0.991015, 0.133748

0.0, 0.0
0.285087, 0.273406
0.990872, 0.134803

0.0, 0.0
0.286283, 0.274849
0.990728, 0.135858

0.0, 0.0
0.287474, 0.276287
0.990583, 0.136912

0.0, 0.0
0.28866, 0.277721
0.990437, 0.137967

0.0, 0.0
0.28984, 0.27915
0.990289, 0.139021

0.0, 0.0
0.291016, 0.280573
0.990141, 0.140076

0.0, 0.0
0.292187, 0.281993
0.989991, 0.14113

0.0, 0.0
0.293354, 0.283407
0.98984, 0.142184

0.0, 0.0
0.294515, 0.284817
0.989688, 0.143237

0.0, 0.0
0.295671, 0.286222
0.989535, 0.144291

0.0, 0.0
0.296823, 0.287622
0.989381, 0.145344

0.0, 0.0
0.29797, 0.289018
0.989226, 0.146398

0.0, 0.0
0.299113, 0.290409
0.989069, 0.147451

0.0, 0.0
0.300251, 0.291796
0.988912, 0.148504

0.0, 0.0
0.301384, 0.293178
0.988753, 0.149557

0.0, 0.0
0.302513, 0.294556
0.988593, 0.150609

0.0, 0.0
0.303637, 0.29593
0.988432, 0.151662

0.0, 0.0
0.304757, 0.297299
0.98827, 0.152714

0.0, 0.0
0.305872, 0.298664
0.988107, 0.153766

0.0, 0.0
0.306983, 0.300024
0.987943, 0.154818

0.0, 0.0
0.30809, 0.30138
0.987778, 0.15587

0.0, 0.0
0.309193, 0.302732
0.987611, 0.156921

0.0, 0.0
0.310291, 0.30408
0.987443, 0.157973

0.0, 0.0
0.311385, 0.305424
0.987275, 0.159024

0.0, 0.0
0.312475, 0.306763
0.987105, 0.160075

0.0, 0.0
0.31356, 0.308099
0.986934, 0.161126

0.0, 0.0
0.314642, 0.30943
0.986762, 0.162177

0.0, 0.0
0.315719, 0.310757
0.986589, 0.163227

0.0, 0.0
0.316793, 0.312081
0.986414, 0.164277

0.0, 0.0
0.317862, 0.3134
0.986239, 0.165328

0.0, 0.0
0.318928, 0.314715
0.986062, 0.166377

0.0, 0.0
0.319989, 0.316027
0.985884, 0.167427

0.0, 0.0
0.321047, 0.317334
0.985706, 0.168477

0.0, 0.0
0.3221, 0.318638
0.985526, 0.169526

0.0, 0.0
0.32315, 0.319937
0.985345, 0.170575

0.0, 0.0
0.324196, 0.321233
0.985162, 0.171624

0.0, 0.0
0.325238, 0.322525
0.984979, 0.172673

0.0, 0.0
0.326277, 0.323814
0.984795, 0.173722

0.0, 0.0
0.327311, 0.325098
0.984609, 0.17477

0.0, 0.0
0.328342, 0.326379
0.984423, 0.175818

0.0, 0.0
0.329369, 0.327656
0.984235, 0.176866

0.0, 0.0
0.330393, 0.32893
0.984046, 0.177914

0.0, 0.0
0.331413, 0.3302
0.983856, 0.178962

0.0, 0.0
0.332429, 0.331466
0.983665, 0.180009

0.0, 0.0
0.333442, 0.332728
0.983473, 0.181056

0.0, 0.0
0.334451, 0.333988
0.983279, 0.182103

0.0, 0.0
0.335457, 0.335243
0.983085, 0.18315

0.0, 0.0
0.336459, 0.336495
0.982889, 0.184197

0.0, 0.0
0.337458, 0.337743
0.982693, 0.185243

0.0, 0.0
0.338453, 0.338988
0.982495, 0.186289

0.0, 0.0
0.339445, 0.34023
0.982296, 0.187335

0.0, 0.0
0.340434, 0.341468
0.982096, 0.188381

0.0, 0.0
0.341419, 0.342702
0.981895, 0.189426

0.0, 0.0
0.342401, 0.343934
0.981693, 0.190471

0.0, 0.0
0.343379, 0.345161
0.981489, 0.191517

0.0, 0.0
0.344354, 0.346386
0.981285, 0.192561

0.0, 0.0
0.345326, 0.347607
0.981079, 0.193606

0.0, 0.0
0.346295, 0.348825
0.980873, 0.19465

0.0, 0.0
0.34726, 0.350039
0.980665, 0.195695

0.0, 0.0
0.348222, 0.35125
0.980456, 0.196739

0.0, 0.0
0.349181, 0.352458
0.980246, 0.197782

0.0, 0.0
0.350137, 0.353663
0.980035, 0.198826

0.0, 0.0
0.351089, 0.354864
0.979823, 0.199869

0.0, 0.0
0.352039, 0.356063
0.979609, 0.200912

0.0, 0.0
0.352985, 0.357258
0.979395, 0.201955

0.0, 0.0
0.353928, 0.35845
0.979179, 0.202998

0.0, 0.0
0.354868, 0.359638
0.978962, 0.20404

0.0, 0.0
0.355805, 0.360824
0.978745, 0.205082

0.0, 0.0
0.356739, 0.362006
0.978526, 0.206124

0.0, 0.0
0.35767, 0.363186
0.978306, 0.207166

0.0, 0.0
0.358598, 0.364362
0.978085, 0.208208

0.0, 0.0
0.359524, 0.365535
0.977862, 0.209249

0.0, 0.0
0.360446, 0.366705
0.977639, 0.21029

0.0, 0.0
0.361365, 0.367872
0.977415, 0.21133

0.0, 0.0
0.362281, 0.369036
0.977189, 0.212371

0.0, 0.0
0.363194, 0.370198
0.976962, 0.213411

0.0, 0.0
0.364105, 0.371356
0.976735, 0.214451

0.0, 0.0
0.365012, 0.372511
0.976506, 0.215491

0.0, 0.0
0.365917, 0.373663
0.976276, 0.216531

0.0, 0.0
0.366819, 0.374812
0.976045, 0.21757

0.0, 0.0
0.367718, 0.375959
0.975813, 0.218609

0.0, 0.0
0.368614, 0.377102
0.975579, 0.219648

0.0, 0.0
0.369508, 0.378242
0.975345, 0.220686

0.0, 0.0
0.370398, 0.37938
0.975109, 0.221725

0.0, 0.0
0.371286, 0.380515
0.974873, 0.222763

0.0, 0.0
0.372171, 0.381647
0.974635, 0.223801

0.0, 0.0
0.373054, 0.382776
0.974396, 0.224838

0.0, 0.0
0.373934, 0.383902
0.974156, 0.225875

0.0, 0.0
0.374811, 0.385025
0.973915, 0.226912

0.0, 0.0
0.375685, 0.386146
0.973673, 0.227949

0.0, 0.0
0.376557, 0.387264
0.97343, 0.228986

0.0, 0.0
0.377426, 0.388379
0.973185, 0.230022

0.0, 0.0
0.378292, 0.389491
0.97294, 0.231058

0.0, 0.0
0.379156, 0.390601
0.972693, 0.232094

0.0, 0.0
0.380017, 0.391708
0.972446, 0.233129

0.0, 0.0
0.380876, 0.392812
0.972197, 0.234164

0.0, 0.0
0.381732, 0.393913
0.971947, 0.235199

0.0, 0.0
0.382586, 0.395012
0.971696, 0.236234

0.0, 0.0
0.383437, 0.396108
0.971444, 0.237268

0.0, 0.0
0.384285, 0.397202
0.971191, 0.238303

0.0, 0.0
0.385131, 0.398293
0.970937, 0.239336

0.0, 0.0
0.385974, 0.399381
0.970681, 0.24037

0.0, 0.0
0.386815, 0.400466
0.970425, 0.241403

0.0, 0.0
0.387654, 0.401549
0.970167, 0.242436

0.0, 0.0
0.38849, 0.402629
0.969909, 0.243469

0.0, 0.0
0.389323, 0.403707
0.969649, 0.244502

0.0, 0.0
0.390154, 0.404782
0.969388, 0.245534

0.0, 0.0
0.390983, 0.405855
0.969126, 0.246566

0.0, 0.0
0.391809, 0.406925
0.968863, 0.247598

0.0, 0.0
0.392633, 0.407992
0.968599, 0.248629

0.0, 0.0
0.393454, 0.409057
0.968334, 0.24966

0.0, 0.0
0.394273, 0.41012
0.968067, 0.250691

0.0, 0.0
0.39509, 0.41118
0.9678, 0.251721

0.0, 0.0
0.395904, 0.412237
0.967531, 0.252752

0.0, 0.0
0.396716, 0.413292
0.967262, 0.253782

0.0, 0.0
0.397526, 0.414344
0.966991, 0.254811

0.0, 0.0
0.398333, 0.415394
0.966719, 0.255841

0.0, 0.0
0.399139, 0.416442
0.966446, 0.25687

0.0, 0.0
0.399941, 0.417487
0.966172, 0.257899

0.0, 0.0
0.400742, 0.418529
0.965897, 0.258927

0.0, 0.0
0.40154, 0.41957
0.965621, 0.259955

0.0, 0.0
0.402336, 0.420607
0.965343, 0.260983

0.0, 0.0
0.40313, 0.421643
0.965065, 0.262011

0.0, 0.0
0.403921, 0.422676
0.964785, 0.263038

0.0, 0.0
0.40471, 0.423706
0.964505, 0.264065

0.0, 0.0
0.405497, 0.424735
0.964223, 0.265092

0.0, 0.0
0.406282, 0.425761
0.96394, 0.266118

0.0, 0.0
0.407065, 0.426784
0.963656, 0.267145

0.0, 0.0
0.407845, 0.427805
0.963371, 0.26817

0.0, 0.0
0.408623, 0.428824
0.963085, 0.269196

0.0, 0.0
0.409399, 0.429841
0.962798, 0.270221

0.0, 0.0
0.410173, 0.430855
0.96251, 0.271246

0.0, 0.0
0.410945, 0.431867
0.962221, 0.272271

0.0, 0.0
0.411714, 0.432876
0.96193, 0.273295

0.0, 0.0
0.412482, 0.433883
0.961639, 0.274319

0.0, 0.0
0.413247, 0.434888
0.961346, 0.275343

0.0, 0.0
0.414011, 0.435891
0.961052, 0.276366

0.0, 0.0
0.414772, 0.436892
0.960758, 0.277389

0.0, 0.0
0.415531, 0.43789
0.960462, 0.278412

0.0, 0.0
0.416288, 0.438886
0.960165, 0.279434

0.0, 0.0
0.417043, 0.43988
0.959867, 0.280456

0.0, 0.0
0.417796, 0.440871
0.959568, 0.281478

0.0, 0.0
0.418546, 0.44186
0.959267, 0.2825

0.0, 0.0
0.419295, 0.442847
0.958966, 0.283521

0.0, 0.0
0.420042, 0.443832
0.958664, 0.284542

0.0, 0.0
0.420787, 0.444815
0.95836, 0.285562

0.0, 0.0
0.421529, 0.445795
0.958056, 0.286582

0.0, 0.0
0.42227, 0.446774
0.95775, 0.287602

0.0, 0.0
0.423009, 0.44775
0.957443, 0.288622

0.0, 0.0
0.423745, 0.448724
0.957135, 0.289641

0.0, 0.0
0.42448, 0.449696
0.956826, 0.29066

0.0, 0.0
0.425213, 0.450665
0.956516, 0.291678

0.0, 0.0
0.425944, 0.451633
0.956205, 0.292697

0.0, 0.0
0.426672, 0.452598
0.955893, 0.293714

0.0, 0.0
0.427399, 0.453561
0.95558, 0.294732

0.0, 0.0
0.428124, 0.454523
0.955266, 0.295749

0.0, 0.0
0.428847, 0.455482
0.95495, 0.296766

0.0, 0.0
0.429568, 0.456439
0.954634, 0.297783

0.0, 0.0
0.430288, 0.457393
0.954316, 0.298799

0.0, 0.0
0.431005, 0.458346
0.953997, 0.299815

0.0, 0.0
0.43172, 0.459297
0.953678, 0.30083

0.0, 0.0
0.432434, 0.460245
0.953357, 0.301845

0.0, 0.0
0.433145, 0.461192
0.953035, 0.30286

0.0, 0.0
0.433855, 0.462136
0.952712, 0.303875

0.0, 0.0
0.434563, 0.463079
0.952388, 0.304889

0.0, 0.0
0.435269, 0.464019
0.952063, 0.305903

0.0, 0.0
0.435973, 0.464958
0.951737, 0.306916

0.0, 0.0
0.436675, 0.465894
0.951409, 0.307929

0.0, 0.0
0.437376, 0.466828
0.951081, 0.308942

0.0, 0.0
0.438075, 0.467761
0.950751, 0.309955

0.0, 0.0
0.438771, 0.468691
0.950421, 0.310967

0.0, 0.0
0.439466, 0.469619
0.950089, 0.311978

0.0, 0.0
0.44016, 0.470545
0.949757, 0.31299

0.0, 0.0
0.440851, 0.47147
0.949423, 0.314001

0.0, 0.0
0.441541, 0.472392
0.949088, 0.315011

0.0, 0.0
0.442228, 0.473312
0.948752, 0.316022

0.0, 0.0
0.442914, 0.474231
0.948415, 0.317032

0.0, 0.0
0.443599, 0.475147
0.948077, 0.318041

0.0, 0.0
0.444281, 0.476062
0.947738, 0.31905

0.0, 0.0
0.444962, 0.476974
0.947398, 0.320059

0.0, 0.0
0.445641, 0.477885
0.947056, 0.321068

0.0, 0.0
0.446318, 0.478793
0.946714, 0.322076

0.0, 0.0
0.446994, 0.4797
0.94637, 0.323084

0.0, 0.0
0.447667, 0.480605
0.946026, 0.324091

0.0, 0.0
0.448339, 0.481508
0.94568, 0.325098

0.0, 0.0
0.44901, 0.482409
0.945334, 0.326105

0.0, 0.0
0.449678, 0.483308
0.944986, 0.327111

0.0, 0.0
0.450345, 0.484205
0.944637, 0.328117

0.0, 0.0
0.451011, 0.4851
0.944287, 0.329123

0.0, 0.0
0.451674, 0.485993
0.943936, 0.330128

0.0, 0.0
0.452336, 0.486885
0.943584, 0.331133

0.0, 0.0
0.452996, 0.487774
0.943231, 0.332137

0.0, 0.0
0.453655, 0.488662
0.942877, 0.333141

0.0, 0.0
0.454311, 0.489548
0.942522, 0.334145

0.0, 0.0
0.454967, 0.490432
0.942166, 0.335148

0.0, 0.0
0.45562, 0.491314
0.941808, 0.336151

0.0, 0.0
0.456272, 0.492194
0.94145, 0.337153

0.0, 0.0
0.456922, 0.493073
0.94109, 0.338156

0.0, 0.0
0.457571, 0.493949
0.94073, 0.339157

0.0, 0.0
0.458218, 0.494824
0.940368, 0.340159

0.0, 0.0
0.458863, 0.495697
0.940005, 0.34116

0.0, 0.0
0.459507, 0.496568
0.939642, 0.34216

0.0, 0.0
0.460149, 0.497437
0.939277, 0.343161

0.0, 0.0
0.460789, 0.498305
0.938911, 0.34416

0.0, 0.0
0.461428, 0.499171
0.938544, 0.34516

0.0, 0.0
0.462065, 0.500034
0.938176, 0.346159

0.0, 0.0
0.462701, 0.500896
0.937807, 0.347158

0.0, 0.0
0.463335, 0.501757
0.937437, 0.348156

0.0, 0.0
0.463968, 0.502615
0.937065, 0.349154

0.0, 0.0
0.464599, 0.503472
0.936693, 0.350151

0.0, 0.0
0.465228, 0.504327
0.93632, 0.351148

0.0, 0.0
0.465856, 0.50518
0.935945, 0.352145

0.0, 0.0
0.466482, 0.506032
0.93557, 0.353141

0.0, 0.0
0.467107, 0.506881
0.935194, 0.354137

0.0, 0.0
0.46773, 0.507729
0.934816, 0.355133

0.0, 0.0
0.468351, 0.508575
0.934437, 0.356128

0.0, 0.0
0.468971, 0.50942
0.934058, 0.357122

0.0, 0.0
0.46959, 0.510262
0.933677, 0.358117

0.0, 0.0
0.470207, 0.511103
0.933295, 0.35911

0.0, 0.0
0.470823, 0.511943
0.932912, 0.360104

0.0, 0.0
0.471437, 0.51278
0.932528, 0.361097

0.0, 0.0
0.472049, 0.513616
0.932143, 0.36209

0.0, 0.0
0.47266, 0.51445
0.931757, 0.363082

0.0, 0.0
0.473269, 0.515282
0.93137, 0.364074

0.0, 0.0
0.473877, 0.516113
0.930982, 0.365065

0.0, 0.0
0.474484, 0.516942
0.930593, 0.366056

0.0, 0.0
0.475089, 0.517769
0.930203, 0.367047

0.0, 0.0
0.475692, 0.518594
0.929811, 0.368037

0.0, 0.0
0.476294, 0.519418
0.929419, 0.369027

0.0, 0.0
0.476895, 0.52024
0.929025, 0.370016

0.0, 0.0
0.477494, 0.521061
0.928631, 0.371005

0.0, 0.0
0.478092, 0.52188
0.928235, 0.371993

0.0, 0.0
0.478688, 0.522697
0.927839, 0.372981

0.0, 0.0
0.479283, 0.523512
0.927441, 0.373969

0.0, 0.0
0.479876, 0.524326
0.927043, 0.374956

0.0, 0.0
0.480468, 0.525138
0.926643, 0.375943

0.0, 0.0
0.481058, 0.525949
0.926242, 0.376929

0.0, 0.0
0.481647, 0.526758
0.92584, 0.377915

0.0, 0.0
0.482235, 0.527565
0.925437, 0.378901

0.0, 0.0
0.482821, 0.52837
0.925033, 0.379886

0.0, 0.0
0.483406, 0.529174
0.924628, 0.38087

0.0, 0.0
0.483989, 0.529976
0.924222, 0.381855

0.0, 0.0
0.484571, 0.530777
0.923815, 0.382838

0.0, 0.0
0.485151, 0.531576
0.923407, 0.383822

0.0, 0.0
0.485731, 0.532374
0.922998, 0.384805

0.0, 0.0
0.486308, 0.533169
0.922588, 0.385787

0.0, 0.0
0.486885, 0.533964
0.922177, 0.386769

0.0, 0.0
0.48746, 0.534756
0.921764, 0.387751

0.0, 0.0
0.488033, 0.535547
0.921351, 0.388732

0.0, 0.0
0.488605, 0.536336
0.920936, 0.389713

0.0, 0.0
0.489176, 0.537124
0.920521, 0.390693

0.0, 0.0
0.489745, 0.53791
0.920105, 0.391673

0.0, 0.0
0.490314, 0.538695
0.919687, 0.392652

0.0, 0.0
0.49088, 0.539478
0.919268, 0.393631

0.0, 0.0
0.491446, 0.540259
0.918849, 0.39461

0.0, 0.0
0.49201, 0.541039
0.918428, 0.395588

0.0, 0.0
0.492572, 0.541817
0.918006, 0.396565

0.0, 0.0
0.493134, 0.542594
0.917584, 0.397543

0.0, 0.0
0.493693, 0.543369
0.91716, 0.398519

0.0, 0.0
0.494252, 0.544143
0.916735, 0.399496

0.0, 0.0
0.494809, 0.544915
0.916309, 0.400471

0.0, 0.0
0.495365, 0.545685
0.915882, 0.401447

0.0, 0.0
0.49592, 0.546454
0.915454, 0.402422

0.0, 0.0
0.496473, 0.547221
0.915025, 0.403396

0.0, 0.0
0.497025, 0.547987
0.914595, 0.40437

0.0, 0.0
0.497576, 0.548751
0.914164, 0.405344

0.0, 0.0
0.498125, 0.549514
0.913732, 0.406317

0.0, 0.0
0.498674, 0.550275
0.913299, 0.407289

0.0, 0.0
0.49922, 0.551035
0.912865, 0.408261

0.0, 0.0
0.499766, 0.551793
0.91243, 0.409233

0.0, 0.0
0.50031, 0.55255
0.911994, 0.410204

0.0, 0.0
0.500853, 0.553305
0.911556, 0.411175

0.0, 0.0
0.501395, 0.554058
0.911118, 0.412145

0.0, 0.0
0.501935, 0.55481
0.910679, 0.413115

0.0, 0.0
0.502474, 0.555561
0.910238, 0.414084

0.0, 0.0
0.503012, 0.55631
0.909797, 0.415053

0.0, 0.0
0.503548, 0.557057
0.909355, 0.416022

0.0, 0.0
0.504084, 0.557803
0.908911, 0.41699

0.0, 0.0
0.504618, 0.558548
0.908467, 0.417957

0.0, 0.0
0.50515, 0.559291
0.908021, 0.418924

0.0, 0.0
0.505682, 0.560032
0.907575, 0.419891

0.0, 0.0
0.506212, 0.560772
0.907127, 0.420857

0.0, 0.0
0.506741, 0.561511
0.906679, 0.421822

0.0, 0.0
0.507269, 0.562248
0.906229, 0.422787

0.0, 0.0
0.507796, 0.562984
0.905778, 0.423752

0.0, 0.0
0.508321, 0.563718
0.905327, 0.424716

0.0, 0.0
0.508845, 0.56445
0.904874, 0.42568

0.0, 0.0
0.509368, 0.565182
0.90442, 0.426643

0.0, 0.0
0.509889, 0.565911
0.903965, 0.427605

0.0, 0.0
0.51041, 0.566639
0.90351, 0.428568

0.0, 0.0
0.510929, 0.567366
0.903053, 0.429529

0.0, 0.0
0.511447, 0.568092
0.902595, 0.430491

0.0, 0.0
0.511964, 0.568815
0.902136, 0.431451

0.0, 0.0
0.512479, 0.569538
0.901676, 0.432412

0.0, 0.0
0.512994, 0.570259
0.901215, 0.433371

0.0, 0.0
0.513507, 0.570978
0.900754, 0.434331

0.0, 0.0
0.514019, 0.571696
0.900291, 0.435289

0.0, 0.0
0.51453, 0.572413
0.899827, 0.436248

0.0, 0.0
0.515039, 0.573128
0.899362, 0.437205

0.0, 0.0
0.515547, 0.573842
0.898896, 0.438163

0.0, 0.0
0.516055, 0.574554
0.898429, 0.439119

0.0, 0.0
0.516561, 0.575265
0.897961, 0.440076

0.0, 0.0
0.517066, 0.575975
0.897492, 0.441032

0.0, 0.0
0.517569, 0.576683
0.897022, 0.441987

0.0, 0.0
0.518072, 0.57739
0.89655, 0.442942

0.0, 0.0
0.518573, 0.578095
0.896078, 0.443896

0.0, 0.0
0.519073, 0.578799
0.895605, 0.44485

0.0, 0.0
0.519572, 0.579501
0.895131, 0.445803

0.0, 0.0
0.52007, 0.580202
0.894656, 0.446756

0.0, 0.0
0.520567, 0.580902
0.89418, 0.447708

0.0, 0.0
0.521063, 0.5816
0.893703, 0.44866

0.0, 0.0
0.521557, 0.582297
0.893224, 0.449611

0.0, 0.0
0.52205, 0.582992
0.892745, 0.450562

0.0, 0.0
0.522542, 0.583686
0.892265, 0.451512

0.0, 0.0
0.523033, 0.584379
0.891784, 0.452462

0.0, 0.0
0.523523, 0.58507
0.891302, 0.453411

0.0, 0.0
0.524012, 0.58576
0.890818, 0.45436

0.0, 0.0
0.5245, 0.586448
0.890334, 0.455308

0.0, 0.0
0.524986, 0.587135
0.889849, 0.456255

0.0, 0.0
0.525472, 0.587821
0.889363, 0.457203

0.0, 0.0
0.525956, 0.588505
0.888875, 0.458149

0.0, 0.0
0.526439, 0.589188
0.888387, 0.459095

0.0, 0.0
0.526921, 0.58987
0.887898, 0.460041

0.0, 0.0
0.527402, 0.59055
0.887407, 0.460986

0.0, 0.0
0.527882, 0.591229
0.886916, 0.461931

0.0, 0.0
0.528361, 0.591906
0.886424, 0.462875

0.0, 0.0
0.528838, 0.592582
0.88593, 0.463818

0.0, 0.0
0.529315, 0.593257
0.885436, 0.464761

0.0, 0.0
0.52979, 0.59393
0.884941, 0.465703

0.0, 0.0
0.530265, 0.594602
0.884444, 0.466645

0.0, 0.0
0.530738, 0.595273
0.883947, 0.467587

0.0, 0.0
0.53121, 0.595942
0.883449, 0.468528

0.0, 0.0
0.531681, 0.59661
0.88295, 0.469468

0.0, 0.0
0.532151, 0.597277
0.882449, 0.470408

0.0, 0.0
0.53262, 0.597942
0.881948, 0.471347

0.0, 0.0
0.533088, 0.598606
0.881446, 0.472286

0.0, 0.0
0.533555, 0.599269
0.880942, 0.473224

0.0, 0.0
0.534021, 0.59993
0.880438, 0.474162

0.0, 0.0
0.534485, 0.60059
0.879933, 0.475099

0.0, 0.0
0.534949, 0.601248
0.879426, 0.476035

0.0, 0.0
0.535412, 0.601906
0.878919, 0.476971

0.0, 0.0
0.535873, 0.602562
0.878411, 0.477907

0.0, 0.0
0.536334, 0.603216
0.877901, 0.478842

0.0, 0.0
0.536793, 0.60387
0.877391, 0.479776

0.0, 0.0
0.537251, 0.604522
0.87688, 0.48071

0.0, 0.0
0.537709, 0.605172
0.876367, 0.481643

0.0, 0.0
0.538165, 0.605822
0.875854, 0.482576

0.0, 0.0
0.53862, 0.60647
0.87534, 0.483508

0.0, 0.0
0.539075, 0.607116
0.874824, 0.48444

0.0, 0.0
0.539528, 0.607762
0.874308, 0.485371

0.0, 0.0
0.53998, 0.608406
0.873791, 0.486302

0.0, 0.0
0.540431, 0.609049
0.873273, 0.487232

0.0, 0.0
0.540881, 0.60969
0.872753, 0.488161

0.0, 0.0
0.541331, 0.61033
0.872233, 0.48909

0.0, 0.0
0.541779, 0.610969
0.871712, 0.490019

0.0, 0.0
0.542226, 0.611607
0.87119, 0.490946

0.0, 0.0
0.542672, 0.612243
0.870667, 0.491874

0.0, 0.0
0.543117, 0.612878
0.870142, 0.4928

0.0, 0.0
0.543561, 0.613512
0.869617, 0.493727

0.0, 0.0
0.544004, 0.614144
0.869091, 0.494652

0.0, 0.0
0.544446, 0.614775
0.868564, 0.495577

0.0, 0.0
0.544887, 0.615405
0.868036, 0.496502

0.0, 0.0
0.545328, 0.616034
0.867507, 0.497425

0.0, 0.0
0.545767, 0.616661
0.866977, 0.498349

0.0, 0.0
0.546205, 0.617287
0.866446, 0.499272

0.0, 0.0
0.546642, 0.617911
0.865913, 0.500194

0.0, 0.0
0.547078, 0.618535
0.86538, 0.501115

0.0, 0.0
0.547513, 0.619157
0.864846, 0.502036

0.0, 0.0
0.547948, 0.619778
0.864311, 0.502957

0.0, 0.0
0.548381, 0.620398
0.863775, 0.503877

0.0, 0.0
0.548813, 0.621016
0.863239, 0.504796

0.0, 0.0
0.549244, 0.621633
0.862701, 0.505715

0.0, 0.0
0.549675, 0.622249
0.862162, 0.506633

0.0, 0.0
0.550104, 0.622863
0.861622, 0.507551

0.0, 0.0
0.550532, 0.623477
0.861081, 0.508468

0.0, 0.0
0.55096, 0.624089
0.860539, 0.509384

0.0, 0.0
0.551386, 0.624699
0.859996, 0.5103

0.0, 0.0
0.551812, 0.625309
0.859452, 0.511216

0.0, 0.0
0.552237, 0.625917
0.858908, 0.51213

0.0, 0.0
0.55266, 0.626524
0.858362, 0.513045

0.0, 0.0
0.553083, 0.62713
0.857815, 0.513958

0.0, 0.0
0.553505, 0.627735
0.857268, 0.514871

0.0, 0.0
0.553926, 0.628338
0.856719, 0.515784

0.0, 0.0
0.554346, 0.62894
0.856169, 0.516695

0.0, 0.0
0.554765, 0.629541
0.855619, 0.517607

0.0, 0.0
0.555183, 0.63014
0.855067, 0.518517

0.0, 0.0
0.5556, 0.630738
0.854515, 0.519427

0.0, 0.0
0.556016, 0.631335
0.853961, 0.520337

0.0, 0.0
0.556431, 0.631931
0.853407, 0.521246

0.0, 0.0
0.556846, 0.632526
0.852851, 0.522154

0.0, 0.0
0.557259, 0.633119
0.852295, 0.523062

0.0, 0.0
0.557672, 0.633711
0.851737, 0.523969

0.0, 0.0
0.558083, 0.634302
0.851179, 0.524876

0.0, 0.0
0.558494, 0.634892
0.85062, 0.525782

0.0, 0.0
0.558904, 0.63548
0.850059, 0.526687

0.0, 0.0
0.559313, 0.636067
0.849498, 0.527592

0.0, 0.0
0.559721, 0.636653
0.848936, 0.528496

0.0, 0.0
0.560128, 0.637238
0.848373, 0.529399

0.0, 0.0
0.560534, 0.637822
0.847809, 0.530302

0.0, 0.0
0.56094, 0.638404
0.847244, 0.531205

0.0, 0.0
0.561344, 0.638985
0.846678, 0.532106

0.0, 0.0
0.561748, 0.639565
0.846111, 0.533007

0.0, 0.0
0.56215, 0.640143
0.845543, 0.533908

0.0, 0.0
0.562552, 0.640721
0.844974, 0.534808

0.0, 0.0
0.562953, 0.641297
0.844404, 0.535707

0.0, 0.0
0.563353, 0.641872
0.843833, 0.536606

0.0, 0.0
0.563752, 0.642446
0.843261, 0.537504

0.0, 0.0
0.564151, 0.643018
0.842688, 0.538402

0.0, 0.0
0.564548, 0.64359
0.842115, 0.539298

0.0, 0.0
0.564945, 0.64416
0.84154, 0.540195

0.0, 0.0
0.56534, 0.644729
0.840964, 0.54109

0.0, 0.0
0.565735, 0.645297
0.840388, 0.541985

0.0, 0.0
0.566129, 0.645863
0.83981, 0.54288

0.0, 0.0
0.566523, 0.646429
0.839232, 0.543774

0.0, 0.0
0.566915, 0.646993
0.838652, 0.544667

0.0, 0.0
0.567306, 0.647556
0.838072, 0.545559

0.0, 0.0
0.567697, 0.648117
0.837491, 0.546451

0.0, 0.0
0.568087, 0.648678
0.836909, 0.547343

0.0, 0.0
0.568476, 0.649237
0.836325, 0.548234

0.0, 0.0
0.568864, 0.649796
0.835741, 0.549124

0.0, 0.0
0.569251, 0.650353
0.835156, 0.550013

0.0, 0.0
0.569638, 0.650908
0.83457, 0.550902

0.0, 0.0
0.570023, 0.651463
0.833983, 0.55179

0.0, 0.0
0.570408, 0.652016
0.833395, 0.552678

0.0, 0.0
0.570792, 0.652569
0.832806, 0.553565

0.0, 0.0
0.571175, 0.65312
0.832216, 0.554451

0.0, 0.0
0.571558, 0.65367
0.831625, 0.555337

0.0, 0.0
0.571939, 0.654218
0.831034, 0.556222

0.0, 0.0
0.57232, 0.654766
0.830441, 0.557106

0.0, 0.0
0.5727, 0.655312
0.829847, 0.55799

0.0, 0.0
0.573079, 0.655857
0.829253, 0.558874

0.0, 0.0
0.573457, 0.656401
0.828657, 0.559756

0.0, 0.0
0.573835, 0.656944
0.828061, 0.560638

0.0, 0.0
0.574211, 0.657485
0.827464, 0.561519

0.0, 0.0
0.574587, 0.658026
0.826865, 0.5624

0.0, 0.0
0.574963, 0.658565
0.826266, 0.56328

0.0, 0.0
0.575337, 0.659103
0.825666, 0.564159

0.0, 0.0
0.57571, 0.65964
0.825065, 0.565038

0.0, 0.0
0.576083, 0.660176
0.824463, 0.565916

0.0, 0.0
0.576455, 0.66071
0.82386, 0.566794

0.0, 0.0
0.576827, 0.661244
0.823256, 0.567671

0.0, 0.0
0.577197, 0.661776
0.822651, 0.568547

0.0, 0.0
0.577567, 0.662307
0.822045, 0.569422

0.0, 0.0
0.577936, 0.662837
0.821438, 0.570297

0.0, 0.0
0.578304, 0.663366
0.820831, 0.571171

0.0, 0.0
0.578671, 0.663893
0.820222, 0.572045

0.0, 0.0
0.579038, 0.66442
0.819613, 0.572918

0.0, 0.0
0.579404, 0.664945
0.819002, 0.57379

0.0, 0.0
0.579769, 0.665469
0.818391, 0.574662

0.0, 0.0
0.580133, 0.665992
0.817779, 0.575533

0.0, 0.0
0.580497, 0.666513
0.817165, 0.576403

0.0, 0.0
0.58086, 0.667034
0.816551, 0.577273

0.0, 0.0
0.581222, 0.667553
0.815936, 0.578142

0.0, 0.0
0.581583, 0.668072
0.81532, 0.57901

0.0, 0.0
0.581944, 0.668589
0.814703, 0.579878

0.0, 0.0
0.582304, 0.669105
0.814085, 0.580745

0.0, 0.0
0.582663, 0.669619
0.813467, 0.581612

0.0, 0.0
0.583022, 0.670133
0.812847, 0.582477

0.0, 0.0
0.58338, 0.670646
0.812226, 0.583342

0.0, 0.0
0.583737, 0.671157
0.811605, 0.584207

0.0, 0.0
0.584093, 0.671667
0.810982, 0.585071

0.0, 0.0
0.584449, 0.672176
0.810359, 0.585934

0.0, 0.0
0.584804, 0.672684
0.809735, 0.586796

0.0, 0.0
0.585158, 0.673191
0.809109, 0.587658

0.0, 0.0
0.585511, 0.673696
0.808483, 0.588519

0.0, 0.0
0.585864, 0.674201
0.807856, 0.58938

0.0, 0.0
0.586216, 0.674704
0.807228, 0.590239

0.0, 0.0
0.586568, 0.675206
0.806599, 0.591098

0.0, 0.0
0.586919, 0.675707
0.80597, 0.591957

0.0, 0.0
0.587269, 0.676207
0.805339, 0.592815

0.0, 0.0
0.587618, 0.676706
0.804707, 0.593672

0.0, 0.0
0.587967, 0.677203
0.804075, 0.594528

0.0, 0.0
0.588315, 0.677699
0.803441, 0.595384

0.0, 0.0
0.588662, 0.678195
0.802807, 0.596239

0.0, 0.0
0.589009, 0.678689
0.802172, 0.597093

0.0, 0.0
0.589355, 0.679182
0.801536, 0.597947

0.0, 0.0
0.5897, 0.679673
0.800899, 0.5988

0.0, 0.0
0.590045, 0.680164
0.800261, 0.599652

0.0, 0.0
0.590389, 0.680654
0.799622, 0.600504

0.0, 0.0
0.590733, 0.681142
0.798982, 0.601355

0.0, 0.0
0.591075, 0.681629
0.798341, 0.602205

0.0, 0.0
0.591418, 0.682115
0.7977, 0.603055

0.0, 0.0
0.591759, 0.6826
0.797057, 0.603904

0.0, 0.0
0.5921, 0.683084
0.796414, 0.604752

0.0, 0.0
0.59244, 0.683567
0.795769, 0.6056

0.0, 0.0
0.59278, 0.684048
0.795124, 0.606447

0.0, 0.0
0.593119, 0.684529
0.794478, 0.607293

0.0, 0.0
0.593457, 0.685008
0.793831, 0.608138

0.0, 0.0
0.593795, 0.685486
0.793183, 0.608983

0.0, 0.0
0.594132, 0.685963
0.792534, 0.609827

0.0, 0.0
0.594469, 0.686439
0.791884, 0.610671

0.0, 0.0
0.594805, 0.686914
0.791234, 0.611514

0.0, 0.0
0.59514, 0.687387
0.790582, 0.612356

0.0, 0.0
0.595475, 0.687859
0.78993, 0.613197

0.0, 0.0
0.595809, 0.688331
0.789277, 0.614038

0.0, 0.0
0.596142, 0.688801
0.788622, 0.614878

0.0, 0.0
0.596475, 0.68927
0.787967, 0.615717

0.0, 0.0
0.596808, 0.689738
0.787311, 0.616556

0.0, 0.0
0.59714, 0.690204
0.786654, 0.617394

0.0, 0.0
0.597471, 0.69067
0.785997, 0.618231

0.0, 0.0
0.597802, 0.691134
0.785338, 0.619067

0.0, 0.0
0.598132, 0.691598
0.784678, 0.619903

0.0, 0.0
0.598461, 0.69206
0.784018, 0.620738

0.0, 0.0
0.59879, 0.692521
0.783357, 0.621572

0.0, 0.0
0.599119, 0.692981
0.782694, 0.622406

0.0, 0.0
0.599447, 0.693439
0.782031, 0.623239

0.0, 0.0
0.599774, 0.693897
0.781367, 0.624071

0.0, 0.0
0.600101, 0.694354
0.780703, 0.624903

0.0, 0.0
0.600428, 0.694809
0.780037, 0.625734

0.0, 0.0
0.600753, 0.695263
0.77937, 0.626564

0.0, 0.0
0.601079, 0.695716
0.778703, 0.627393

0.0, 0.0
0.601403, 0.696168
0.778034, 0.628222

0.0, 0.0
0.601728, 0.696619
0.777365, 0.62905

0.0, 0.0
0.602052, 0.697068
0.776695, 0.629877

0.0, 0.0
0.602375, 0.697517
0.776024, 0.630704

0.0, 0.0
0.602698, 0.697964
0.775352, 0.63153

0.0, 0.0
0.60302, 0.69841
0.774679, 0.632355

0.0, 0.0
0.603342, 0.698855
0.774005, 0.633179

0.0, 0.0
0.603663, 0.699299
0.773331, 0.634003

0.0, 0.0
0.603984, 0.699742
0.772655, 0.634826

0.0, 0.0
0.604305, 0.700183
0.771979, 0.635648

0.0, 0.0
0.604625, 0.700624
0.771302, 0.63647

0.0, 0.0
0.604944, 0.701063
0.770624, 0.637291

0.0, 0.0
0.605263, 0.701501
0.769945, 0.638111

0.0, 0.0
0.605582, 0.701938
0.769265, 0.63893

0.0, 0.0
0.6059, 0.702374
0.768584, 0.639749

0.0, 0.0
0.606218, 0.702809
0.767903, 0.640567

0.0, 0.0
0.606535, 0.703242
0.76722, 0.641384

0.0, 0.0
0.606852, 0.703675
0.766537, 0.6422

0.0, 0.0
0.607169, 0.704106
0.765853, 0.643016

0.0, 0.0
0.607485, 0.704536
0.765168, 0.643831

0.0, 0.0
0.6078, 0.704965
0.764482, 0.644645

0.0, 0.0
0.608116, 0.705393
0.763795, 0.645459

0.0, 0.0
0.608431, 0.70582
0.763107, 0.646272

0.0, 0.0
0.608745, 0.706245
0.762419, 0.647084

0.0, 0.0
0.609059, 0.706669
0.761729, 0.647895

0.0, 0.0
0.609373, 0.707092
0.761039, 0.648706

0.0, 0.0
0.609687, 0.707514
0.760348, 0.649516

0.0, 0.0
0.61, 0.707935
0.759656, 0.650325

0.0, 0.0
0.610313, 0.708355
0.758963, 0.651133

0.0, 0.0
0.610625, 0.708773
0.75827, 0.651941

0.0, 0.0
0.610937, 0.709191
0.757575, 0.652748

0.0, 0.0
0.611249, 0.709607
0.75688, 0.653554

0.0, 0.0
0.611561, 0.710022
0.756183, 0.65436

0.0, 0.0
0.611872, 0.710435
0.755486, 0.655164

0.0, 0.0
0.612183, 0.710848
0.754788, 0.655968

0.0, 0.0
0.612494, 0.711259
0.754089, 0.656772

0.0, 0.0
0.612804, 0.71167
0.75339, 0.657574

0.0, 0.0
0.613114, 0.712079
0.752689, 0.658376

0.0, 0.0
0.613424, 0.712487
0.751988, 0.659177

0.0, 0.0
0.613734, 0.712893
0.751286, 0.659977

0.0, 0.0
0.614043, 0.713299
0.750583, 0.660777

0.0, 0.0
0.614352, 0.713703
0.749879, 0.661575

0.0, 0.0
0.614661, 0.714106
0.749174, 0.662373

0.0, 0.0
0.61497, 0.714508
0.748468, 0.663171

0.0, 0.0
0.615279, 0.714909
0.747762, 0.663967

0.0, 0.0
0.615587, 0.715308
0.747054, 0.664763

0.0, 0.0
0.615895, 0.715707
0.746346, 0.665558

0.0, 0.0
0.616203, 0.716104
0.745637, 0.666352

0.0, 0.0
0.616511, 0.7165
0.744927, 0.667146

0.0, 0.0
0.616819, 0.716894
0.744217, 0.667938

0.0, 0.0
0.617127, 0.717288
0.743505, 0.66873

0.0, 0.0
0.617434, 0.71768
0.742793, 0.669522

0.0, 0.0
0.617742, 0.718071
0.742079, 0.670312

0.0, 0.0
0.618049, 0.718461
0.741365, 0.671102

0.0, 0.0
0.618356, 0.718849
0.74065, 0.671891

0.0, 0.0
0.618664, 0.719237
0.739935, 0.672679

0.0, 0.0
0.618971, 0.719623
0.739218, 0.673466

0.0, 0.0
0.619278, 0.720008
0.738501, 0.674253

0.0, 0.0
0.619585, 0.720391
0.737782, 0.675039

0.0, 0.0
0.619892, 0.720774
0.737063, 0.675824

0.0, 0.0
0.620199, 0.721155
0.736343, 0.676608

0.0, 0.0
0.620506, 0.721535
0.735622, 0.677392

0.0, 0.0
0.620813, 0.721913
0.734901, 0.678175

0.0, 0.0
0.621121, 0.72229
0.734178, 0.678957

0.0, 0.0
0.621428, 0.722666
0.733455, 0.679738

0.0, 0.0
0.621735, 0.723041
0.732731, 0.680519

0.0, 0.0
0.622043, 0.723415
0.732006, 0.681298

0.0, 0.0
0.62235, 0.723787
0.73128, 0.682077

0.0, 0.0
0.622658, 0.724158
0.730554, 0.682855

0.0, 0.0
0.622966, 0.724527
0.729826, 0.683633

0.0, 0.0
0.623274, 0.724895
0.729098, 0.684409

0.0, 0.0
0.623583, 0.725262
0.728369, 0.685185

0.0, 0.0
0.623891, 0.725628
0.727639, 0.68596

0.0, 0.0
0.6242, 0.725992
0.726908, 0.686735

0.0, 0.0
0.624509, 0.726355
0.726177, 0.687508

0.0, 0.0
0.624818, 0.726717
0.725444, 0.688281

0.0, 0.0
0.625128, 0.727077
0.724711, 0.689053

0.0, 0.0
0.625438, 0.727436
0.723977, 0.689824

0.0, 0.0
0.625748, 0.727794
0.723242, 0.690595

0.0, 0.0
0.626059, 0.72815
0.722506, 0.691364

0.0, 0.0
0.62637, 0.728504
0.72177, 0.692133

0.0, 0.0
0.626682, 0.728858
0.721033, 0.692901

0.0, 0.0
0.626994, 0.72921
0.720294, 0.693668

0.0, 0.0
0.627307, 0.72956
0.719556, 0.694435

0.0, 0.0
0.62762, 0.72991
0.718816, 0.695201

0.0, 0.0
0.627933, 0.730257
0.718075, 0.695966

0.0, 0.0
0.628248, 0.730603
0.717334, 0.69673

0.0, 0.0
0.628563, 0.730948
0.716592, 0.697493

0.0, 0.0
0.628878, 0.731292
0.715849, 0.698256

0.0, 0.0
0.629194, 0.731633
0.715105, 0.699017

0.0, 0.0
0.629511, 0.731974
0.71436, 0.699778

0.0, 0.0
0.629829, 0.732313
0.713615, 0.700538

0.0, 0.0
0.630148, 0.73265
0.712868, 0.701298

0.0, 0.0
0.630467, 0.732986
0.712121, 0.702056

0.0, 0.0
0.630788, 0.73332
0.711373, 0.702814

0.0, 0.0
0.631109, 0.733653
0.710625, 0.703571

0.0, 0.0
0.631432, 0.733984
0.709875, 0.704327

0.0, 0.0
0.631755, 0.734313
0.709125, 0.705083

0.0, 0.0
0.63208, 0.734641
0.708374, 0.705837

0.0, 0.0
0.632405, 0.734967
0.707622, 0.706591

0.0, 0.0
0.632732, 0.735292
0.706869, 0.707344

0.0, 0.0
0.633061, 0.735615
0.706116, 0.708096

0.0, 0.0
0.63339, 0.735936
0.705362, 0.708848

0.0, 0.0
0.633721, 0.736255
0.704606, 0.709598

0.0, 0.0
0.634053, 0.736573
0.703851, 0.710348

0.0, 0.0
0.634387, 0.736889
0.703094, 0.711097

0.0, 0.0
0.634723, 0.737203
0.702336, 0.711845

0.0, 0.0
0.63506, 0.737515
0.701578, 0.712593

0.0, 0.0
0.6354, 0.737826
0.700819, 0.713339

0.0, 0.0
0.635741, 0.738134
0.700059, 0.714085

0.0, 0.0
0.636083, 0.738441
0.699299, 0.71483

0.0, 0.0
0.636429, 0.738746
0.698537, 0.715574

0.0, 0.0
0.636776, 0.739048
0.697775, 0.716317

0.0, 0.0
0.637125, 0.739349
0.697012, 0.71706

0.0, 0.0
0.637477, 0.739648
0.696248, 0.717801

0.0, 0.0
0.637832, 0.739944
0.695483, 0.718542

0.0, 0.0
0.638189, 0.740238
0.694718, 0.719282

0.0, 0.0
0.638548, 0.740531
0.693952, 0.720022

0.0, 0.0
0.638911, 0.74082
0.693185, 0.72076

0.0, 0.0
0.639277, 0.741108
0.692417, 0.721498

0.0, 0.0
0.639646, 0.741393
0.691648, 0.722234

0.0, 0.0
0.640019, 0.741676
0.690879, 0.72297

0.0, 0.0
0.640395, 0.741956
0.690109, 0.723706

0.0, 0.0
0.640776, 0.742234
0.689338, 0.72444

0.0, 0.0
0.64116, 0.742508
0.688566, 0.725173

0.0, 0.0
0.641548, 0.742781
0.687794, 0.725906

0.0, 0.0
0.641941, 0.74305
0.687021, 0.726638

0.0, 0.0
0.64234, 0.743316
0.686247, 0.727369

0.0, 0.0
0.642743, 0.74358
0.685472, 0.728099

0.0, 0.0
0.643151, 0.74384
0.684696, 0.728829

0.0, 0.0
0.643566, 0.744097
0.68392, 0.729557

0.0, 0.0
0.643987, 0.744351
0.683143, 0.730285

0.0, 0.0
0.644415, 0.744601
0.682365, 0.731012

0.0, 0.0
0.64485, 0.744847
0.681586, 0.731738

0.0, 0.0
0.645293, 0.745089
0.680807, 0.732463

0.0, 0.0
0.645744, 0.745327
0.680026, 0.733188

0.0, 0.0
0.646204, 0.745561
0.679245, 0.733911

0.0, 0.0
0.646674, 0.74579
0.678464, 0.734634

0.0, 0.0
0.647155, 0.746014
0.677681, 0.735356

0.0, 0.0
0.647647, 0.746233
0.676898, 0.736077

0.0, 0.0
0.648153, 0.746447
0.676114, 0.736797

0.0, 0.0
0.648673, 0.746654
0.675329, 0.737517

0.0, 0.0
0.649208, 0.746855
0.674543, 0.738235

0.0, 0.0
0.649761, 0.747049
0.673757, 0.738953

0.0, 0.0
0.650333, 0.747235
0.67297, 0.73967

0.0, 0.0
0.650928, 0.747413
0.672182, 0.740386

0.0, 0.0
0.651548, 0.747581
0.671393, 0.741101

0.0, 0.0
0.652198, 0.747738
0.670604, 0.741816

0.0, 0.0
0.652883, 0.747883
0.669814, 0.742529

0.0, 0.0
0.653608, 0.748014
0.669023, 0.743242

0.0, 0.0
0.654384, 0.748128
0.668231, 0.743954

0.0, 0.0
0.655222, 0.748223
0.667439, 0.744665

0.0, 0.0
0.656143, 0.748292
0.666645, 0.745375

0.0, 0.0
0.657177, 0.748329
0.665851, 0.746084

0.0, 0.0
0.658382, 0.748322
0.665057, 0.746793

0.0, 0.0
0.659892, 0.748245
0.664261, 0.7475

0.0, 0.0
0.662346, 0.748055
0.663465, 0.748207

0.0, 0.0
0.660542, 0.751052
0.662668, 0.748913

0.0, 0.0
0.658165, 0.752542
0.66187, 0.749618

0.0, 0.0
0.656302, 0.753614
0.661072, 0.750323

0.0, 0.0
0.654784, 0.754444
0.660273, 0.751026

0.0, 0.0
0.653548, 0.755097
0.659473, 0.751729

0.0, 0.0
0.652572, 0.7556
0.658672, 0.75243

0.0, 0.0
0.651855, 0.755967
0.65787, 0.753131

0.0, 0.0
0.651423, 0.756199
0.657068, 0.753831

0.0, 0.0
0.651337, 0.756286
0.656265, 0.75453

0.0, 0.0
0.651745, 0.7562
0.655462, 0.755229

0.0, 0.0
0.653261, 0.755875
0.654657, 0.755926

0.0, 0.0
0.651971, 0.758275
0.653852, 0.756623

0.0, 0.0
0.650044, 0.75906
0.653046, 0.757318

0.0, 0.0
0.649164, 0.759222
0.652239, 0.758013

0.0, 0.0
0.649594, 0.758905
0.651432, 0.758707

0.0, 0.0
0.649133, 0.760698
0.650624, 0.7594

0.0, 0.0
0.647497, 0.761047
0.649815, 0.760093

0.0, 0.0
0.648466, 0.760541
0.649005, 0.760784

0.0, 0.0
0.646341, 0.762455
0.648195, 0.761474

0.0, 0.0
0.64676, 0.761927
0.647384, 0.762164

0.0, 0.0
0.644876, 0.763575
0.646572, 0.762853

0.0, 0.0
0.645159, 0.764367
0.645759, 0.763541

0.0, 0.0
0.643736, 0.764249
0.644946, 0.764228

0.0, 0.0
0.642677, 0.765499
0.644132, 0.764914

0.0, 0.0
0.642345, 0.766416
0.643317, 0.7656

0.0, 0.0
0.642492, 0.766742
0.642502, 0.766284

0.0, 0.0
0.640902, 0.766738
0.641686, 0.766968

0.0, 0.0
0.639661, 0.767735
0.640869, 0.767651

0.0, 0.0
0.638762, 0.768681
0.640051, 0.768332

0.0, 0.0
0.638032, 0.76956
0.639233, 0.769013

0.0, 0.0
0.637417, 0.770372
0.638414, 0.769694

0.0, 0.0
0.636899, 0.771104
0.637594, 0.770373

0.0, 0.0
0.636487, 0.771706
0.636773, 0.771051

0.0, 0.0
0.636152, 0.771953
0.635952, 0.771729

0.0, 0.0
0.634863, 0.772005
0.63513, 0.772405

0.0, 0.0
0.63354, 0.772752
0.634307, 0.773081

0.0, 0.0
0.632425, 0.773613
0.633484, 0.773756

0.0, 0.0
0.631451, 0.774507
0.63266, 0.77443

0.0, 0.0
0.630603, 0.77541
0.631835, 0.775103

0.0, 0.0
0.629889, 0.776298
0.631009, 0.775775

0.0, 0.0
0.629335, 0.777133
0.630183, 0.776447

0.0, 0.0
0.628996, 0.777817
0.629356, 0.777117

0.0, 0.0
0.628809, 0.77787
0.628528, 0.777787

0.0, 0.0
0.627166, 0.777973
0.6277, 0.778456

0.0, 0.0
0.62579, 0.778894
0.62687, 0.779124

0.0, 0.0
0.624769, 0.779933
0.62604, 0.779791

0.0, 0.0
0.624062, 0.780965
0.62521, 0.780457

0.0, 0.0
0.623719, 0.781858
0.624379, 0.781122

0.0, 0.0
0.623802, 0.782066
0.623547, 0.781786

0.0, 0.0
0.622074, 0.781927
0.622714, 0.78245

0.0, 0.0
0.620646, 0.782993
0.62188, 0.783112

0.0, 0.0
0.619794, 0.784167
0.621046, 0.783774

0.0, 0.0
0.61951, 0.78518
0.620212, 0.784435

0.0, 0.0
0.619703, 0.785049
0.619376, 0.785094

0.0, 0.0
0.617602, 0.785292
0.61854, 0.785753

0.0, 0.0
0.61636, 0.78654
0.617703, 0.786412

0.0, 0.0
0.6159, 0.787748
0.616865, 0.787069

0.0, 0.0
0.616301, 0.788047
0.616027, 0.787725

0.0, 0.0
0.614278, 0.787863
0.615188, 0.788381

0.0, 0.0
0.612978, 0.789194
0.614348, 0.789035

0.0, 0.0
0.612695, 0.790437
0.613508, 0.789689

0.0, 0.0
0.612849, 0.789942
0.612667, 0.790341

0.0, 0.0
0.610592, 0.790677
0.611825, 0.790993

0.0, 0.0
0.609721, 0.792129
0.610982, 0.791644

0.0, 0.0
0.610151, 0.792923
0.610139, 0.792294

0.0, 0.0
0.60839, 0.792357
0.609295, 0.792943

0.0, 0.0
0.607048, 0.793836
0.608451, 0.793592

0.0, 0.0
0.607192, 0.795031
0.607605, 0.794239

0.0, 0.0
0.606099, 0.794203
0.606759, 0.794885

0.0, 0.0
0.604471, 0.795665
0.605913, 0.795531

0.0, 0.0
0.604553, 0.796985
0.605065, 0.796176

0.0, 0.0
0.603557, 0.796115
0.604217, 0.796819

0.0, 0.0
0.601912, 0.797633
0.603369, 0.797462

0.0, 0.0
0.602198, 0.798898
0.602519, 0.798104

0.0, 0.0
0.600762, 0.798081
0.601669, 0.798745

0.0, 0.0
0.599402, 0.799739
0.600819, 0.799385

0.0, 0.0
0.60018, 0.800535
0.599967, 0.800025

0.0, 0.0
0.597854, 0.800192
0.599115, 0.800663

0.0, 0.0
0.597076, 0.801942
0.598262, 0.8013

0.0, 0.0
0.597473, 0.801332
0.597409, 0.801937

0.0, 0.0
0.595047, 0.8025
0.596555, 0.802572

0.0, 0.0
0.595199, 0.804047
0.5957, 0.803207

0.0, 0.0
0.593875, 0.803138
0.594844, 0.803841

0.0, 0.0
0.592605, 0.804953
0.593988, 0.804474

0.0, 0.0
0.593475, 0.804761
0.593131, 0.805106

0.0, 0.0
0.590749, 0.805583
0.592274, 0.805737

0.0, 0.0
0.590931, 0.80722
0.591416, 0.806367

0.0, 0.0
0.589468, 0.80631
0.590557, 0.806996

0.0, 0.0
0.588404, 0.808228
0.589697, 0.807624

0.0, 0.0
0.58872, 0.807502
0.588837, 0.808252

0.0, 0.0
0.5864, 0.808992
0.587976, 0.808878

0.0, 0.0
0.58738, 0.810015
0.587115, 0.809504

0.0, 0.0
0.584769, 0.809758
0.586252, 0.810128

0.0, 0.0
0.584716, 0.811622
0.58539, 0.810752

0.0, 0.0
0.583429, 0.810639
0.584526, 0.811375

0.0, 0.0
0.582411, 0.812666
0.583662, 0.811997

0.0, 0.0
0.582326, 0.811751
0.582797, 0.812618

0.0, 0.0
0.580391, 0.813588
0.581932, 0.813238

0.0, 0.0
0.581336, 0.81333
0.581065, 0.813857

0.0, 0.0
0.578563, 0.814499
0.580199, 0.814475

0.0, 0.0
0.579706, 0.815488
0.579331, 0.815092

0.0, 0.0
0.576863, 0.815443
0.578463, 0.815709

0.0, 0.0
0.577429, 0.817151
0.577594, 0.816324

0.0, 0.0
0.575241, 0.816438
0.576725, 0.816939

0.0, 0.0
0.575247, 0.818453
0.575855, 0.817552

0.0, 0.0
0.573658, 0.817489
0.574984, 0.818165

0.0, 0.0
0.573202, 0.81964
0.574112, 0.818777

0.0, 0.0
0.572081, 0.818591
0.57324, 0.819387

0.0, 0.0
0.571258, 0.820795
0.572368, 0.819997

0.0, 0.0
0.570482, 0.819735
0.571494, 0.820606

0.0, 0.0
0.569386, 0.821951
0.57062, 0.821214

0.0, 0.0
0.568841, 0.820907
0.569746, 0.821821

0.0, 0.0
0.567566, 0.823126
0.56887, 0.822427

0.0, 0.0
0.567142, 0.822096
0.567994, 0.823032

0.0, 0.0
0.565787, 0.824324
0.567118, 0.823637

0.0, 0.0
0.565381, 0.823294
0.566241, 0.82424

0.0, 0.0
0.564048, 0.825548
0.565363, 0.824842

0.0, 0.0
0.563557, 0.824502
0.564484, 0.825444

0.0, 0.0
0.56235, 0.826796
0.563605, 0.826044

0.0, 0.0
0.561679, 0.825725
0.562725, 0.826644

0.0, 0.0
0.560705, 0.828062
0.561845, 0.827243

0.0, 0.0
0.559761, 0.826975
0.560964, 0.82784

0.0, 0.0
0.559131, 0.82933
0.560082, 0.828437

0.0, 0.0
0.557821, 0.828262
0.5592, 0.829033

0.0, 0.0
0.557654, 0.830572
0.558317, 0.829628

0.0, 0.0
0.555881, 0.829594
0.557433, 0.830222

0.0, 0.0
0.556304, 0.831719
0.556549, 0.830815

0.0, 0.0
0.553967, 0.830977
0.555664, 0.831407

0.0, 0.0
0.555071, 0.832597
0.554778, 0.831998

0.0, 0.0
0.552107, 0.83241
0.553892, 0.832588

0.0, 0.0
0.553533, 0.832947
0.553006, 0.833178

0.0, 0.0
0.550335, 0.833885
0.552118, 0.833766

0.0, 0.0
0.551214, 0.83346
0.55123, 0.834353

0.0, 0.0
0.548692, 0.835384
0.550342, 0.83494

0.0, 0.0
0.54876, 0.834469
0.549452, 0.835525

0.0, 0.0
0.547231, 0.836868
0.548562, 0.83611

0.0, 0.0
0.546418, 0.835764
0.547672, 0.836693

0.0, 0.0
0.546031, 0.83824
0.546781, 0.837276

0.0, 0.0
0.544241, 0.837236
0.545889, 0.837857

0.0, 0.0
0.545153, 0.839181
0.544997, 0.838438

0.0, 0.0
0.542267, 0.838821
0.544104, 0.839018

0.0, 0.0
0.54363, 0.839059
0.54321, 0.839597

0.0, 0.0
0.540543, 0.840464
0.542316, 0.840175

0.0, 0.0
0.54087, 0.839661
0.541421, 0.840752

0.0, 0.0
0.539147, 0.842082
0.540526, 0.841328

0.0, 0.0
0.538292, 0.840966
0.53963, 0.841903

0.0, 0.0
0.538201, 0.843463
0.538733, 0.842477

0.0, 0.0
0.536049, 0.842567
0.537836, 0.84305

0.0, 0.0
0.537517, 0.843728
0.536938, 0.843622

0.0, 0.0
0.534179, 0.844303
0.536039, 0.844193

0.0, 0.0
0.534811, 0.843683
0.53514, 0.844763

0.0, 0.0
0.532762, 0.846037
0.534241, 0.845333

0.0, 0.0
0.53201, 0.844923
0.53334, 0.845901

0.0, 0.0
0.531962, 0.847464
0.532439, 0.846468

0.0, 0.0
0.529692, 0.846603
0.531538, 0.847035

0.0, 0.0
0.531197, 0.847293
0.530636, 0.8476

0.0, 0.0
0.527901, 0.848441
0.529733, 0.848165

0.0, 0.0
0.528097, 0.847576
0.52883, 0.848728

0.0, 0.0
0.526756, 0.850192
0.527926, 0.849291

0.0, 0.0
0.525368, 0.849075
0.527021, 0.849852

0.0, 0.0
0.526435, 0.851062
0.526116, 0.850413

0.0, 0.0
0.523279, 0.850935
0.52521, 0.850972

0.0, 0.0
0.52406, 0.850433
0.524304, 0.851531

0.0, 0.0
0.521916, 0.852828
0.523397, 0.852089

0.0, 0.0
0.521008, 0.851693
0.52249, 0.852646

0.0, 0.0
0.521521, 0.854113
0.521582, 0.853201

0.0, 0.0
0.518721, 0.853561
0.520673, 0.853756

0.0, 0.0
0.519746, 0.853292
0.519764, 0.85431

0.0, 0.0
0.517271, 0.855534
0.518854, 0.854863

0.0, 0.0
0.516506, 0.854407
0.517943, 0.855415

0.0, 0.0
0.516923, 0.856905
0.517032, 0.855966

0.0, 0.0
0.514149, 0.856316
0.516121, 0.856516

0.0, 0.0
0.515121, 0.855996
0.515208, 0.857065

0.0, 0.0
0.512763, 0.858342
0.514296, 0.857613

0.0, 0.0
0.511836, 0.857199
0.513382, 0.85816

0.0, 0.0
0.512646, 0.859504
0.512468, 0.858706

0.0, 0.0
0.509565, 0.859199
0.511554, 0.859251

0.0, 0.0
0.510201, 0.858596
0.510639, 0.859795

0.0, 0.0
0.508431, 0.861229
0.509723, 0.860339

0.0, 0.0
0.507044, 0.86009
0.508807, 0.860881

0.0, 0.0
0.508518, 0.861563
0.50789, 0.861422

0.0, 0.0
0.505041, 0.86221
0.506972, 0.861962

0.0, 0.0
0.505068, 0.861276
0.506054, 0.862502

0.0, 0.0
0.50441, 0.864088
0.505136, 0.86304

0.0, 0.0
0.502241, 0.863124
0.504217, 0.863577

0.0, 0.0
0.503508, 0.863189
0.503297, 0.864114

0.0, 0.0
0.500726, 0.865316
0.502377, 0.864649

0.0, 0.0
0.499885, 0.864171
0.501456, 0.865183

0.0, 0.0
0.500872, 0.866407
0.500534, 0.865717

0.0, 0.0
0.497597, 0.866317
0.499612, 0.866249

0.0, 0.0
0.497889, 0.865508
0.49869, 0.866781

0.0, 0.0
0.496882, 0.868354
0.497767, 0.867311

0.0, 0.0
0.494855, 0.867327
0.496843, 0.86784

0.0, 0.0
0.496133, 0.867423
0.495919, 0.868369

0.0, 0.0
0.493361, 0.869602
0.494994, 0.868896

0.0, 0.0
0.492401, 0.868444
0.494069, 0.869423

0.0, 0.0
0.493712, 0.870337
0.493143, 0.869949

0.0, 0.0
0.490226, 0.870701
0.492216, 0.870473

0.0, 0.0
0.490171, 0.869737
0.491289, 0.870997

0.0, 0.0
0.489952, 0.872579
0.490361, 0.871519

0.0, 0.0
0.487357, 0.871794
0.489433, 0.872041

0.0, 0.0
0.488101, 0.871293
0.488505, 0.872561

0.0, 0.0
0.48638, 0.87406
0.487575, 0.873081

0.0, 0.0
0.484676, 0.872939
0.486645, 0.8736

0.0, 0.0
0.486068, 0.873266
0.485715, 0.874117

0.0, 0.0
0.483102, 0.875327
0.484784, 0.874634

0.0, 0.0
0.482129, 0.874161
0.483853, 0.875149

0.0, 0.0
0.483593, 0.875782
0.482921, 0.875664

0.0, 0.0
0.480029, 0.876539
0.481988, 0.876178

0.0, 0.0
0.479671, 0.875475
0.481055, 0.87669

0.0, 0.0
0.480265, 0.87808
0.480121, 0.877202

0.0, 0.0
0.477097, 0.877755
0.479187, 0.877713

0.0, 0.0
0.477264, 0.876889
0.478252, 0.878222

0.0, 0.0
0.476831, 0.87982
0.477317, 0.878731

0.0, 0.0
0.474257, 0.878996
0.476381, 0.879239

0.0, 0.0
0.474872, 0.878404
0.475445, 0.879746

0.0, 0.0
0.473549, 0.88132
0.474508, 0.880251

0.0, 0.0
0.471475, 0.880273
0.47357, 0.880756

0.0, 0.0
0.472457, 0.880015
0.472632, 0.88126

0.0, 0.0
0.4704, 0.882732
0.471694, 0.881762

0.0, 0.0
0.468723, 0.881588
0.470755, 0.882264

0.0, 0.0
0.469984, 0.881703
0.469815, 0.882765

0.0, 0.0
0.46735, 0.884118
0.468875, 0.883264

0.0, 0.0
0.465979, 0.882937
0.467934, 0.883763

0.0, 0.0
0.467422, 0.883435
0.466993, 0.884261

0.0, 0.0
0.46437, 0.885504
0.466052, 0.884758

0.0, 0.0
0.463227, 0.884317
0.465109, 0.885253

0.0, 0.0
0.464757, 0.88516
0.464167, 0.885748

0.0, 0.0
0.46144, 0.886904
0.463223, 0.886242

0.0, 0.0
0.460455, 0.885723
0.462279, 0.886734

0.0, 0.0
0.462006, 0.886824
0.461335, 0.887226

0.0, 0.0
0.458547, 0.888324
0.46039, 0.887717

0.0, 0.0
0.457653, 0.88715
0.459445, 0.888206

0.0, 0.0
0.4592, 0.888391
0.458499, 0.888695

0.0, 0.0
0.455681, 0.889768
0.457552, 0.889183

0.0, 0.0
0.454818, 0.888596
0.456605, 0.889669

0.0, 0.0
0.456362, 0.889845
0.455658, 0.890155

0.0, 0.0
0.452841, 0.891237
0.45471, 0.89064

0.0, 0.0
0.451947, 0.890059
0.453761, 0.891123

0.0, 0.0
0.453493, 0.891189
0.452812, 0.891606

0.0, 0.0
0.450027, 0.892729
0.451863, 0.892087

0.0, 0.0
0.449044, 0.891541
0.450913, 0.892568

0.0, 0.0
0.450571, 0.892439
0.449962, 0.893048

0.0, 0.0
0.447246, 0.894243
0.449011, 0.893526

0.0, 0.0
0.446115, 0.893044
0.44806, 0.894004

0.0, 0.0
0.447567, 0.89363
0.447108, 0.89448

0.0, 0.0
0.444506, 0.895774
0.446155, 0.894956

0.0, 0.0
0.443168, 0.894572
0.445202, 0.89543

0.0, 0.0
0.444469, 0.894809
0.444248, 0.895904

0.0, 0.0
0.441825, 0.897313
0.443294, 0.896376

0.0, 0.0
0.440215, 0.896129
0.44234, 0.896848

0.0, 0.0
0.441288, 0.89602
0.441385, 0.897318

0.0, 0.0
0.439222, 0.898843
0.440429, 0.897787

0.0, 0.0
0.437271, 0.897719
0.439473, 0.898256

0.0, 0.0
0.438049, 0.897292
0.438516, 0.898723

0.0, 0.0
0.436726, 0.900331
0.437559, 0.89919

0.0, 0.0
0.434354, 0.899342
0.436602, 0.899655

0.0, 0.0
0.434779, 0.89864
0.435643, 0.900119

0.0, 0.0
0.434366, 0.901703
0.434685, 0.900583

0.0, 0.0
0.431485, 0.900999
0.433726, 0.901045

0.0, 0.0
0.431507, 0.90007
0.432766, 0.901506

0.0, 0.0
0.432128, 0.902792
0.431806, 0.901966

0.0, 0.0
0.428692, 0.902683
0.430846, 0.902426

0.0, 0.0
0.428258, 0.901584
0.429885, 0.902884

0.0, 0.0
0.429685, 0.903353
0.428923, 0.903341

0.0, 0.0
0.426009, 0.90438
0.427961, 0.903797

0.0, 0.0
0.425059, 0.90318
0.426998, 0.904252

0.0, 0.0
0.426498, 0.9038
0.426036, 0.904706

0.0, 0.0
0.423481, 0.906059
0.425072, 0.90516

0.0, 0.0
0.421938, 0.904851
0.424108, 0.905612

0.0, 0.0
0.422934, 0.904669
0.423144, 0.906063

0.0, 0.0
0.421168, 0.907647
0.422179, 0.906513

0.0, 0.0
0.418926, 0.906587
0.421213, 0.906962

0.0, 0.0
0.419347, 0.905887
0.420248, 0.90741

0.0, 0.0
0.419131, 0.908951
0.419281, 0.907856

0.0, 0.0
0.416061, 0.908372
0.418314, 0.908302

0.0, 0.0
0.415846, 0.907342
0.417347, 0.908747

0.0, 0.0
0.417108, 0.909452
0.416379, 0.909191

0.0, 0.0
0.413395, 0.910174
0.415411, 0.909634

0.0, 0.0
0.412479, 0.90897
0.414442, 0.910076

0.0, 0.0
0.413878, 0.90951
0.413473, 0.910516

0.0, 0.0
0.410999, 0.911926
0.412504, 0.910956

0.0, 0.0
0.409284, 0.910726
0.411533, 0.911395

0.0, 0.0
0.41006, 0.910321
0.410563, 0.911832

0.0, 0.0
0.408974, 0.913453
0.409592, 0.912269

0.0, 0.0
0.406303, 0.912571
0.40862, 0.912704

0.0, 0.0
0.406325, 0.911642
0.407648, 0.913139

0.0, 0.0
0.407255, 0.914161
0.406676, 0.913572

0.0, 0.0
0.403598, 0.914454
0.405703, 0.914005

0.0, 0.0
0.402796, 0.913261
0.40473, 0.914436

0.0, 0.0
0.404215, 0.913896
0.403756, 0.914867

0.0, 0.0
0.401263, 0.916275
0.402782, 0.915296

0.0, 0.0
0.399523, 0.915068
0.401807, 0.915724

0.0, 0.0
0.400223, 0.914597
0.400832, 0.916152

0.0, 0.0
0.399435, 0.917756
0.399856, 0.916578

0.0, 0.0
0.39656, 0.916989
0.39888, 0.917003

0.0, 0.0
0.396381, 0.915969
0.397903, 0.917427

0.0, 0.0
0.397722, 0.917918
0.396926, 0.91785

0.0, 0.0
0.393989, 0.918929
0.395949, 0.918273

0.0, 0.0
0.392844, 0.917691
0.394971, 0.918694

0.0, 0.0
0.393982, 0.917744
0.393993, 0.919114

0.0, 0.0
0.391954, 0.920693
0.393014, 0.919532

0.0, 0.0
0.389668, 0.919612
0.392035, 0.91995

0.0, 0.0
0.389889, 0.91879
0.391055, 0.920367

0.0, 0.0
0.390532, 0.921545
0.390075, 0.920783

0.0, 0.0
0.386933, 0.921615
0.389094, 0.921198

0.0, 0.0
0.386134, 0.920413
0.388113, 0.921612

0.0, 0.0
0.387485, 0.920901
0.387132, 0.922024

0.0, 0.0
0.384781, 0.923509
0.38615, 0.922436

0.0, 0.0
0.382804, 0.92233
0.385168, 0.922847

0.0, 0.0
0.383225, 0.921641
0.384185, 0.923256

0.0, 0.0
0.383395, 0.924645
0.383202, 0.923665

0.0, 0.0
0.379978, 0.924377
0.382218, 0.924072

0.0, 0.0
0.379317, 0.923199
0.381234, 0.924479

0.0, 0.0
0.38072, 0.923867
0.38025, 0.924884

0.0, 0.0
0.377814, 0.926335
0.379265, 0.925288

0.0, 0.0
0.375906, 0.925134
0.378279, 0.925691

0.0, 0.0
0.376348, 0.924461
0.377294, 0.926094

0.0, 0.0
0.376525, 0.927468
0.376307, 0.926495

0.0, 0.0
0.37308, 0.927225
0.375321, 0.926895

0.0, 0.0
0.372367, 0.926031
0.374334, 0.927294

0.0, 0.0
0.373715, 0.926553
0.373346, 0.927692

0.0, 0.0
0.371025, 0.929194
0.372358, 0.928089

0.0, 0.0
0.368964, 0.92802
0.37137, 0.928485

0.0, 0.0
0.369256, 0.927243
0.370381, 0.92888

0.0, 0.0
0.369912, 0.929999
0.369392, 0.929274

0.0, 0.0
0.366247, 0.930156
0.368402, 0.929666

0.0, 0.0
0.365299, 0.928917
0.367412, 0.930058

0.0, 0.0
0.366456, 0.929043
0.366422, 0.930449

0.0, 0.0
0.364454, 0.932046
0.365431, 0.930838

0.0, 0.0
0.362012, 0.930992
0.36444, 0.931227

0.0, 0.0
0.361988, 0.930035
0.363448, 0.931614

0.0, 0.0
0.363298, 0.931996
0.362456, 0.932001

0.0, 0.0
0.359542, 0.933152
0.361464, 0.932386

0.0, 0.0
0.358167, 0.93188
0.360471, 0.93277

0.0, 0.0
0.358954, 0.93152
0.359478, 0.933154

0.0, 0.0
0.358207, 0.934731
0.358484, 0.933536

0.0, 0.0
0.355128, 0.934054
0.35749, 0.933917

0.0, 0.0
0.354619, 0.932904
0.356495, 0.934297

0.0, 0.0
0.356018, 0.933656
0.3555, 0.934676

0.0, 0.0
0.353092, 0.93615
0.354505, 0.935054

0.0, 0.0
0.351064, 0.934948
0.353509, 0.935431

0.0, 0.0
0.351305, 0.934139
0.352513, 0.935807

0.0, 0.0
0.352223, 0.93667
0.351516, 0.936182

0.0, 0.0
0.348442, 0.937185
0.35052, 0.936555

0.0, 0.0
0.34726, 0.93591
0.349522, 0.936928

0.0, 0.0
0.348158, 0.935683
0.348525, 0.9373

0.0, 0.0
0.347107, 0.938902
0.347526, 0.93767

0.0, 0.0
0.344129, 0.938129
0.346528, 0.93804

0.0, 0.0
0.343651, 0.936983
0.345529, 0.938408

0.0, 0.0
0.345033, 0.937713
0.34453, 0.938775

0.0, 0.0
0.342169, 0.940271
0.34353, 0.939142

0.0, 0.0
0.340056, 0.939079
0.34253, 0.939507

0.0, 0.0
0.34019, 0.938203
0.341529, 0.939871

0.0, 0.0
0.341372, 0.940379
0.340529, 0.940234

0.0, 0.0
0.337567, 0.941366
0.339527, 0.940596

0.0, 0.0
0.336159, 0.940075
0.338526, 0.940957

0.0, 0.0
0.33683, 0.939608
0.337524, 0.941317

0.0, 0.0
0.336615, 0.942761
0.336521, 0.941676

0.0, 0.0
0.333213, 0.94238
0.335519, 0.942034

0.0, 0.0
0.332389, 0.94114
0.334515, 0.94239

0.0, 0.0
0.333512, 0.941255
0.333512, 0.942746

0.0, 0.0
0.331722, 0.944363
0.332508, 0.9431

0.0, 0.0
0.329034, 0.943384
0.331504, 0.943454

0.0, 0.0
0.328709, 0.942284
0.330499, 0.943806

0.0, 0.0
0.330114, 0.943215
0.329494, 0.944158

0.0, 0.0
0.327055, 0.945626
0.328489, 0.944508

0.0, 0.0
0.32498, 0.944408
0.327483, 0.944857

0.0, 0.0
0.325087, 0.943513
0.326477, 0.945205

0.0, 0.0
0.326355, 0.945494
0.32547, 0.945552

0.0, 0.0
0.322585, 0.946762
0.324463, 0.945898

0.0, 0.0
0.321012, 0.945464
0.323456, 0.946243

0.0, 0.0
0.321495, 0.944832
0.322448, 0.946587

0.0, 0.0
0.321982, 0.947698
0.32144, 0.94693

0.0, 0.0
0.31826, 0.947855
0.320432, 0.947272

0.0, 0.0
0.317101, 0.946557
0.319423, 0.947612

0.0, 0.0
0.317905, 0.946238
0.318414, 0.947952

0.0, 0.0
0.317347, 0.949459
0.317405, 0.94829

0.0, 0.0
0.314037, 0.948938
0.316395, 0.948628

0.0, 0.0
0.313222, 0.947686
0.315385, 0.948964

0.0, 0.0
0.314288, 0.947726
0.314374, 0.949299

0.0, 0.0
0.312772, 0.950914
0.313363, 0.949633

0.0, 0.0
0.309884, 0.95003
0.312352, 0.949966

0.0, 0.0
0.309357, 0.948849
0.31134, 0.950298

0.0, 0.0
0.310615, 0.949286
0.310329, 0.950629

0.0, 0.0
0.30831, 0.952219
0.309316, 0.950959

0.0, 0.0
0.305777, 0.951136
0.308304, 0.951288

0.0, 0.0
0.305489, 0.950039
0.307291, 0.951616

0.0, 0.0
0.306859, 0.950894
0.306277, 0.951942

0.0, 0.0
0.303949, 0.953455
0.305264, 0.952268

0.0, 0.0
0.3017, 0.95226
0.30425, 0.952592

0.0, 0.0
0.301604, 0.951249
0.303235, 0.952916

0.0, 0.0
0.303001, 0.952513
0.30222, 0.953238

0.0, 0.0
0.299666, 0.954661
0.301205, 0.953559

0.0, 0.0
0.297636, 0.953403
0.30019, 0.953879

0.0, 0.0
0.297691, 0.952471
0.299174, 0.954199

0.0, 0.0
0.299042, 0.954096
0.298158, 0.954516

0.0, 0.0
0.295443, 0.955856
0.297142, 0.954833

0.0, 0.0
0.293576, 0.954562
0.296125, 0.955149

0.0, 0.0
0.293743, 0.953697
0.295108, 0.955464

0.0, 0.0
0.295008, 0.955603
0.29409, 0.955778

0.0, 0.0
0.291267, 0.95705
0.293073, 0.95609

0.0, 0.0
0.289512, 0.955738
0.292055, 0.956402

0.0, 0.0
0.289754, 0.954921
0.291036, 0.956712

0.0, 0.0
0.290933, 0.957009
0.290017, 0.957021

0.0, 0.0
0.28713, 0.958251
0.288998, 0.95733

0.0, 0.0
0.285439, 0.956927
0.287979, 0.957637

0.0, 0.0
0.285719, 0.956136
0.286959, 0.957943

0.0, 0.0
0.286851, 0.958306
0.285939, 0.958248

0.0, 0.0
0.283025, 0.95946
0.284919, 0.958552

0.0, 0.0
0.281354, 0.958131
0.283898, 0.958854

0.0, 0.0
0.281638, 0.957342
0.282877, 0.959156

0.0, 0.0
0.282774, 0.959496
0.281856, 0.959457

0.0, 0.0
0.278952, 0.960678
0.280834, 0.959756

0.0, 0.0
0.277256, 0.959347
0.279812, 0.960055

0.0, 0.0
0.27751, 0.958536
0.27879, 0.960352

0.0, 0.0
0.278699, 0.960577
0.277767, 0.960648

0.0, 0.0
0.27491, 0.961905
0.276744, 0.960944

0.0, 0.0
0.273147, 0.960577
0.275721, 0.961238

0.0, 0.0
0.273337, 0.959721
0.274697, 0.961531

0.0, 0.0
0.274605, 0.961555
0.273673, 0.961823

0.0, 0.0
0.270905, 0.963138
0.272649, 0.962114

0.0, 0.0
0.269031, 0.961821
0.271625, 0.962403

0.0, 0.0
0.269124, 0.960902
0.2706, 0.962692

0.0, 0.0
0.270461, 0.962442
0.269575, 0.962979

0.0, 0.0
0.266944, 0.964371
0.268549, 0.963266

0.0, 0.0
0.264912, 0.96308
0.267524, 0.963551

0.0, 0.0
0.264876, 0.962084
0.266498, 0.963836

0.0, 0.0
0.266237, 0.963267
0.265471, 0.964119

0.0, 0.0
0.263039, 0.965597
0.264445, 0.964401

0.0, 0.0
0.260799, 0.964355
0.263418, 0.964682

0.0, 0.0
0.2606, 0.963274
0.26239, 0.964962

0.0, 0.0
0.261919, 0.964069
0.261363, 0.965241

0.0, 0.0
0.259204, 0.9668
0.260335, 0.965518

0.0, 0.0
0.256702, 0.965646
0.259307, 0.965795

0.0, 0.0
0.256305, 0.964478
0.258279, 0.96607

0.0, 0.0
0.257513, 0.964887
0.25725, 0.966345

0.0, 0.0
0.255458, 0.967949
0.256221, 0.966618

0.0, 0.0
0.252634, 0.966953
0.255192, 0.96689

0.0, 0.0
0.252002, 0.965703
0.254162, 0.967162

0.0, 0.0
0.253036, 0.965747
0.253132, 0.967432

0.0, 0.0
0.251816, 0.968993
0.252102, 0.967701

0.0, 0.0
0.248611, 0.968274
0.251072, 0.967969

0.0, 0.0
0.247703, 0.966954
0.250041, 0.968235

0.0, 0.0
0.248511, 0.966665
0.24901, 0.968501

0.0, 0.0
0.248266, 0.969826
0.247979, 0.968766

0.0, 0.0
0.244651, 0.969601
0.246947, 0.969029

0.0, 0.0
0.243423, 0.968235
0.245915, 0.969291

0.0, 0.0
0.243962, 0.967651
0.244883, 0.969553

0.0, 0.0
0.244665, 0.970299
0.243851, 0.969813

0.0, 0.0
0.240782, 0.970922
0.242818, 0.970072

0.0, 0.0
0.239179, 0.969547
0.241785, 0.97033

0.0, 0.0
0.23941, 0.968709
0.240752, 0.970587

0.0, 0.0
0.240668, 0.970456
0.239718, 0.970842

0.0, 0.0
0.237035, 0.972211
0.238685, 0.971097

0.0, 0.0
0.23499, 0.970891
0.23765, 0.971351

0.0, 0.0
0.234875, 0.969838
0.236616, 0.971603

0.0, 0.0
0.236183, 0.97069
0.235582, 0.971855

0.0, 0.0
0.23345, 0.973416
0.234547, 0.972105

0.0, 0.0
0.230881, 0.972262
0.233512, 0.972354

0.0, 0.0
0.230379, 0.971038
0.232476, 0.972602

0.0, 0.0
0.23146, 0.971189
0.231441, 0.972849

0.0, 0.0
0.230063, 0.974416
0.230405, 0.973095

0.0, 0.0
0.22688, 0.973648
0.229369, 0.97334

0.0, 0.0
0.225941, 0.972305
0.228332, 0.973583

0.0, 0.0
0.226675, 0.971929
0.227295, 0.973826

0.0, 0.0
0.226805, 0.974941
0.226258, 0.974067

0.0, 0.0
0.223025, 0.97503
0.225221, 0.974308

0.0, 0.0
0.221588, 0.973635
0.224184, 0.974547

0.0, 0.0
0.221911, 0.97286
0.223146, 0.974785

0.0, 0.0
0.223089, 0.97478
0.222108, 0.975022

0.0, 0.0
0.219367, 0.976362
0.22107, 0.975258

0.0, 0.0
0.217345, 0.975018
0.220032, 0.975493

0.0, 0.0
0.21721, 0.973945
0.218993, 0.975726

0.0, 0.0
0.218484, 0.97468
0.217954, 0.975959

0.0, 0.0
0.21597, 0.97754
0.216915, 0.976191

0.0, 0.0
0.213249, 0.976439
0.215875, 0.976421

0.0, 0.0
0.212606, 0.975156
0.214835, 0.97665

0.0, 0.0
0.213545, 0.975065
0.213796, 0.976878

0.0, 0.0
0.212862, 0.978296
0.212755, 0.977106

0.0, 0.0
0.209346, 0.97787
0.211715, 0.977331

0.0, 0.0
0.208128, 0.976473
0.210674, 0.977556

0.0, 0.0
0.208598, 0.975819
0.209633, 0.97778

0.0, 0.0
0.209563, 0.978112
0.208592, 0.978003

0.0, 0.0
0.205698, 0.979253
0.207551, 0.978224

0.0, 0.0
0.203809, 0.977872
0.206509, 0.978445

0.0, 0.0
0.203747, 0.97683
0.205467, 0.978664

0.0, 0.0
0.205029, 0.977663
0.204425, 0.978882

0.0, 0.0
0.202391, 0.980453
0.203383, 0.979099

0.0, 0.0
0.199695, 0.979325
0.20234, 0.979315

0.0, 0.0
0.199042, 0.978029
0.201298, 0.97953

0.0, 0.0
0.199947, 0.977889
0.200255, 0.979744

0.0, 0.0
0.199458, 0.981085
0.199211, 0.979957

0.0, 0.0
0.195843, 0.980786
0.198168, 0.980168

0.0, 0.0
0.194519, 0.97937
0.197124, 0.980379

0.0, 0.0
0.194878, 0.978614
0.19608, 0.980588

0.0, 0.0
0.196038, 0.980507
0.195036, 0.980796

0.0, 0.0
0.192342, 0.982161
0.193992, 0.981003

0.0, 0.0
0.190223, 0.980811
0.192947, 0.981209

0.0, 0.0
0.189964, 0.979659
0.191903, 0.981414

0.0, 0.0
0.191131, 0.980061
0.190858, 0.981618

0.0, 0.0
0.189304, 0.983196
0.189812, 0.98182

0.0, 0.0
0.186212, 0.982303
0.188767, 0.982022

0.0, 0.0
0.185261, 0.980923
0.187721, 0.982222

0.0, 0.0
0.185903, 0.980438
0.186675, 0.982422

0.0, 0.0
0.186484, 0.983124
0.185629, 0.98262

0.0, 0.0
0.182573, 0.983759
0.184583, 0.982817

0.0, 0.0
0.180816, 0.982339
0.183537, 0.983013

0.0, 0.0
0.180811, 0.981317
0.18249, 0.983208

0.0, 0.0
0.182081, 0.982186
0.181443, 0.983401

0.0, 0.0
0.179437, 0.98497
0.180396, 0.983594

0.0, 0.0
0.176689, 0.983843
0.179349, 0.983786

0.0, 0.0
0.17596, 0.982507
0.178301, 0.983976

0.0, 0.0
0.176763, 0.982221
0.177253, 0.984165

0.0, 0.0
0.176788, 0.985243
0.176205, 0.984353

0.0, 0.0
0.172972, 0.985343
0.175157, 0.98454

0.0, 0.0
0.171406, 0.983901
0.174109, 0.984726

0.0, 0.0
0.171532, 0.982958
0.17306, 0.984911

0.0, 0.0
0.17281, 0.984099
0.172012, 0.985095

0.0, 0.0
0.169809, 0.986628
0.170963, 0.985277

0.0, 0.0
0.167213, 0.985415
0.169914, 0.985459

0.0, 0.0
0.166574, 0.984098
0.168864, 0.985639

0.0, 0.0
0.167431, 0.983891
0.167815, 0.985819

0.0, 0.0
0.167249, 0.986986
0.166765, 0.985997

0.0, 0.0
0.163482, 0.98694
0.165715, 0.986174

0.0, 0.0
0.161958, 0.985488
0.164665, 0.986349

0.0, 0.0
0.162101, 0.984552
0.163615, 0.986524

0.0, 0.0
0.163372, 0.985699
0.162565, 0.986698

0.0, 0.0
0.160377, 0.988232
0.161514, 0.98687

0.0, 0.0
0.157757, 0.98702
0.160463, 0.987042

0.0, 0.0
0.157086, 0.985685
0.159412, 0.987212

0.0, 0.0
0.157903, 0.985418
0.158361, 0.987381

0.0, 0.0
0.157923, 0.988426
0.15731, 0.987549

0.0, 0.0
0.154088, 0.988556
0.156258, 0.987716

0.0, 0.0
0.152467, 0.987097
0.155207, 0.987882

0.0, 0.0
0.152519, 0.986094
0.154155, 0.988047

0.0, 0.0
0.153772, 0.986987
0.153103, 0.98821

0.0, 0.0
0.151145, 0.989776
0.152051, 0.988373

0.0, 0.0
0.148328, 0.988655
0.150998, 0.988534

0.0, 0.0
0.147506, 0.987271
0.149946, 0.988694

0.0, 0.0
0.148187, 0.986825
0.148893, 0.988853

0.0, 0.0
0.148739, 0.989487
0.14784, 0.989011

0.0, 0.0
0.144815, 0.990179
0.146787, 0.989168

0.0, 0.0
0.142952, 0.988733
0.145734, 0.989324

0.0, 0.0
0.142806, 0.987605
0.14468, 0.989478

0.0, 0.0
0.143968, 0.988058
0.143627, 0.989632

0.0, 0.0
0.142156, 0.991183
0.142573, 0.989784

0.0, 0.0
0.138963, 0.990318
0.141519, 0.989936

0.0, 0.0
0.137866, 0.988872
0.140465, 0.990086

0.0, 0.0
0.13831, 0.988169
0.139411, 0.990235

0.0, 0.0
0.139404, 0.990073
0.138356, 0.990382

0.0, 0.0
0.135727, 0.991772
0.137302, 0.990529

0.0, 0.0
0.133462, 0.990401
0.136247, 0.990675

0.0, 0.0
0.133005, 0.989121
0.135192, 0.990819

0.0, 0.0
0.133948, 0.98906
0.134137, 0.990963

0.0, 0.0
0.133439, 0.992218
0.133082, 0.991105

0.0, 0.0
0.129733, 0.991994
0.132027, 0.991246

0.0, 0.0
0.128221, 0.990509
0.130972, 0.991386

0.0, 0.0
0.128321, 0.989522
0.129916, 0.991525

0.0, 0.0
0.129561, 0.99044
0.12886, 0.991663

0.0, 0.0
0.126936, 0.993223
0.127804, 0.991799

0.0, 0.0
0.124071, 0.992105
0.126748, 0.991935

0.0, 0.0
0.12318, 0.990682
0.125692, 0.992069

0.0, 0.0
0.123768, 0.990122
0.124636, 0.992203

0.0, 0.0
0.12462, 0.992423
0.123579, 0.992335

0.0, 0.0
0.120755, 0.993627
0.122523, 0.992466

0.0, 0.0
0.118653, 0.992199
0.121466, 0.992596

0.0, 0.0
0.118293, 0.990948
0.120409, 0.992724

0.0, 0.0
0.119286, 0.990985
0.119352, 0.992852

0.0, 0.0
0.118541, 0.994172
0.118295, 0.992978

0.0, 0.0
0.114896, 0.993819
0.117238, 0.993104

0.0, 0.0
0.113419, 0.992319
0.11618, 0.993228

0.0, 0.0
0.113525, 0.991327
0.115123, 0.993351

0.0, 0.0
0.114753, 0.99221
0.114065, 0.993473

0.0, 0.0
0.112207, 0.995032
0.113007, 0.993594

0.0, 0.0
0.109279, 0.993937
0.11195, 0.993714

0.0, 0.0
0.108324, 0.992488
0.110892, 0.993833

0.0, 0.0
0.10884, 0.991843
0.109833, 0.99395

0.0, 0.0
0.10985, 0.993858
0.108775, 0.994066

0.0, 0.0
0.106119, 0.995439
0.107717, 0.994182

0.0, 0.0
0.103842, 0.994041
0.106658, 0.994296

0.0, 0.0
0.103336, 0.992717
0.105599, 0.994409

0.0, 0.0
0.1042, 0.992522
0.104541, 0.994521

0.0, 0.0
0.104139, 0.995515
0.103482, 0.994631

0.0, 0.0
0.100276, 0.995662
0.102423, 0.994741

0.0, 0.0
0.0985383, 0.994157
0.101364, 0.994849

0.0, 0.0
0.0984245, 0.993015
0.100304, 0.994957

0.0, 0.0
0.0995496, 0.993399
0.0992449, 0.995063

0.0, 0.0
0.097987, 0.996554
0.0981854, 0.995168

0.0, 0.0
0.09462, 0.995809
0.0971258, 0.995272

0.0, 0.0
0.0933349, 0.994299
0.0960661, 0.995375

0.0, 0.0
0.0935661, 0.993387
0.0950063, 0.995477

0.0, 0.0
0.0947884, 0.994509
0.0939464, 0.995577

0.0, 0.0
0.091916, 0.997115
0.0928864, 0.995677

0.0, 0.0
0.0891048, 0.995928
0.0918263, 0.995775

0.0, 0.0
0.0882045, 0.994472
0.090766, 0.995872

0.0, 0.0
0.0887373, 0.993836
0.0897057, 0.995968

0.0, 0.0
0.0897354, 0.995831
0.0886453, 0.996063

0.0, 0.0
0.086023, 0.997446
0.0875847, 0.996157

0.0, 0.0
0.0836936, 0.996043
0.0865241, 0.99625

0.0, 0.0
0.083125, 0.994678
0.0854633, 0.996341

0.0, 0.0
0.0839152, 0.994364
0.0844025, 0.996432

0.0, 0.0
0.0842163, 0.997138
0.0833416, 0.996521

0.0, 0.0
0.0802845, 0.997666
0.0822806, 0.996609

0.0, 0.0
0.0783588, 0.996163
0.0812194, 0.996696

0.0, 0.0
0.0780781, 0.994916
0.0801582, 0.996782

0.0, 0.0
0.079075, 0.994971
0.0790969, 0.996867

0.0, 0.0
0.0783715, 0.998121
0.0780355, 0.996951

0.0, 0.0
0.074666, 0.997833
0.0769741, 0.997033

0.0, 0.0
0.0730785, 0.996294
0.0759125, 0.997114

0.0, 0.0
0.0730478, 0.995182
0.0748509, 0.997195

0.0, 0.0
0.074189, 0.995653
0.0737891, 0.997274

0.0, 0.0
0.0724854, 0.998766
0.0727273, 0.997352

0.0, 0.0
0.0691381, 0.997973
0.0716654, 0.997429

0.0, 0.0
0.067835, 0.996437
0.0706034, 0.997504

0.0, 0.0
0.0680205, 0.995472
0.0695414, 0.997579

0.0, 0.0
0.0692263, 0.996397
0.0684792, 0.997653

0.0, 0.0
0.0666791, 0.999196
0.067417, 0.997725

0.0, 0.0
0.0636776, 0.998103
0.0663547, 0.997796

0.0, 0.0
0.062614, 0.99659
0.0652923, 0.997866

0.0, 0.0
0.0629842, 0.995777
0.0642299, 0.997935

0.0, 0.0
0.0641559, 0.997178
0.0631674, 0.998003

0.0, 0.0
0.0609703, 0.999504
0.0621048, 0.99807

0.0, 0.0
0.0582663, 0.998228
0.0610421, 0.998135

0.0, 0.0
0.0574036, 0.996752
0.0599794, 0.9982

0.0, 0.0
0.0579291, 0.996091
0.0589166, 0.998263

0.0, 0.0
0.0589576, 0.997953
0.0578537, 0.998325

0.0, 0.0
0.055348, 0.999743
0.0567908, 0.998386

0.0, 0.0
0.05289, 0.998353
0.0557278, 0.998446

0.0, 0.0
0.052194, 0.996918
0.0546647, 0.998505

0.0, 0.0
0.0528468, 0.996404
0.0536016, 0.998562

0.0, 0.0
0.0536373, 0.998667
0.0525384, 0.998619

0.0, 0.0
0.049797, 0.99994
0.0514752, 0.998674

0.0, 0.0
0.0475376, 0.998479
0.0504119, 0.998729

0.0, 0.0
0.0469774, 0.997085
0.0493486, 0.998782

0.0, 0.0
0.0477313, 0.996706
0.0482851, 0.998834

0.0, 0.0
0.0482322, 0.999277
0.0472217, 0.998884

0.0, 0.0
0.0443039, 1.00011
0.0461582, 0.998934

0.0, 0.0
0.0422004, 0.998606
0.0450946, 0.998983

0.0, 0.0
0.0417474, 0.99725
0.044031, 0.99903

0.0, 0.0
0.042578, 0.996987
0.0429673, 0.999076

0.0, 0.0
0.0427925, 0.999767
0.0419036, 0.999122

0.0, 0.0
0.0388578, 1.00027
0.0408398, 0.999166

0.0, 0.0
0.0368716, 0.998735
0.039776, 0.999209

0.0, 0.0
0.036499, 0.997408
0.0387121, 0.99925

0.0, 0.0
0.0373842, 0.997238
0.0376482, 0.999291

0.0, 0.0
0.0373594, 1.00014
0.0365843, 0.999331

0.0, 0.0
0.033451, 1.00042
0.0355203, 0.999369

0.0, 0.0
0.0315464, 0.998863
0.0344563, 0.999406

0.0, 0.0
0.0312289, 0.997558
0.0333922, 0.999442

0.0, 0.0
0.0321486, 0.997452
0.0323281, 0.999477

0.0, 0.0
0.0319583, 1.00042
0.031264, 0.999511

0.0, 0.0
0.0280778, 1.00056
0.0301998, 0.999544

0.0, 0.0
0.0262215, 0.998991
0.0291356, 0.999575

0.0, 0.0
0.0259347, 0.997697
0.0280713, 0.999606

0.0, 0.0
0.0268708, 0.997623
0.027007, 0.999635

0.0, 0.0
0.0266015, 1.00062
0.0259427, 0.999663

0.0, 0.0
0.022735, 1.00069
0.0248784, 0.99969

0.0, 0.0
0.0208952, 0.999119
0.023814, 0.999716

0.0, 0.0
0.0206153, 0.997823
0.0227496, 0.999741

0.0, 0.0
0.021551, 0.997747
0.0216852, 0.999765

0.0, 0.0
0.0212932, 1.00073
0.0206208, 0.999787

0.0, 0.0
0.0174216, 1.00082
0.0195563, 0.999809

0.0, 0.0
0.015567, 0.999245
0.0184918, 0.999829

0.0, 0.0
0.0152707, 0.997936
0.0174273, 0.999848

0.0, 0.0
0.0161896, 0.997825
0.0163628, 0.999866

0.0, 0.0
0.0160322, 1.00077
0.0152983, 0.999883

0.0, 0.0
0.0121382, 1.00095
0.0142337, 0.999899

0.0, 0.0
0.0102379, 0.999371
0.0131691, 0.999913

0.0, 0.0
0.0099021, 0.998038
0.0121045, 0.999927

0.0, 0.0
0.0107873, 0.99786
0.0110399, 0.999939

0.0, 0.0
0.0108108, 1.00071
0.00997528, 0.99995

0.0, 0.0
0.00688779, 1.00106
0.00891065, 0.99996

0.0, 0.0
0.00491004, 0.999496
0.00784601, 0.999969

0.0, 0.0
0.00451159, 0.998129
0.00678135, 0.999977

0.0, 0.0
0.00534528, 0.997858
0.0057167, 0.999984

0.0, 0.0
0.00561265, 1.00056
0.00465203, 0.999989

0.0, 0.0
0.00167499, 1.00117
0.00358736, 0.999994

0.0, 0.0
-0.00041293, 0.99962
0.00252268, 0.999997

0.0, 0.0
-0.000897587, 0.998211
0.00145801, 0.999999

0.0, 0.0
-0.000134587, 0.997824
0.000393327, 1

0.0, 0.0
0.000408806, 1.00029
-0.000671353, 1

0.0, 0.0
-0.00349329, 1.00127
-0.00173603, 0.999998

0.0, 0.0
-0.00572608, 0.999745
-0.00280071, 0.999996

0.0, 0.0
-0.00632113, 0.998289
-0.00386538, 0.999993

0.0, 0.0
-0.0056493, 0.997768
-0.00493005, 0.999988

0.0, 0.0
-0.00484165, 0.999909
-0.00599472, 0.999982

0.0, 0.0
-0.00860796, 1.00134
-0.00705937, 0.999975

0.0, 0.0
-0.011023, 0.99987
-0.00812402, 0.999967

0.0, 0.0
-0.0117537, 0.998364
-0.00918866, 0.999958

0.0, 0.0
-0.0111946, 0.997698
-0.0102533, 0.999947

0.0, 0.0
-0.01018, 0.99944
-0.0113179, 0.999936

0.0, 0.0
-0.0136577, 1.00138
-0.0123825, 0.999923

0.0, 0.0
-0.0162954, 0.999995
-0.0134471, 0.99991

0.0, 0.0
-0.0171886, 0.99844
-0.0145117, 0.999895

0.0, 0.0
-0.0167647, 0.997623
-0.0155762, 0.999879

0.0, 0.0
-0.0156301, 0.998925
-0.0166408, 0.999862

0.0, 0.0
-0.0186299, 1.00136
-0.0177053, 0.999843

0.0, 0.0
-0.0215335, 1.00012
-0.0187698, 0.999824

0.0, 0.0
-0.0226182, 0.99852
-0.0198343, 0.999803

0.0, 0.0
-0.0223527, 0.99755
-0.0208988, 0.999782

0.0, 0.0
-0.02119, 0.998407
-0.0219632, 0.999759

0.0, 0.0
-0.0235132, 1.00125
-0.0230276, 0.999735

0.0, 0.0
-0.0267248, 1.00024
-0.024092, 0.99971

0.0, 0.0
-0.0280334, 0.998606
-0.0251563, 0.999684

