0.0, 0.0
0.0165925, 0
1, 0

0.0, 0.0
0.0208193, 0.00119295
1, 0.000425872

0.0, 0.0
0.0246242, 0.00236369
1, 0.000851744

0.0, 0.0
0.0281327, 0.00350674
0.999999, 0.00127762

0.0, 0.0
0.0314174, 0.00462223
0.999999, 0.00170349

0.0, 0.0
0.0345246, 0.00571182
0.999998, 0.00212936

0.0, 0.0
0.0374864, 0.00677745
0.999997, 0.00255523

0.0, 0.0
0.0403259, 0.00782104
0.999996, 0.0029811

0.0, 0.0
0.0430606, 0.00884435
0.999994, 0.00340697

0.0, 0.0
0.0457041, 0.00984894
0.999993, 0.00383284

0.0, 0.0
0.048267, 0.0108362
0.999991, 0.00425871

0.0, 0.0
0.0507582, 0.0118074
0.999989, 0.00468457

0.0, 0.0
0.0531849, 0.0127636
0.999987, 0.00511044

0.0, 0.0
0.0555531, 0.0137057
0.999985, 0.00553631

0.0, 0.0
0.057868, 0.0146347
0.999982, 0.00596217

0.0, 0.0
0.0601339, 0.0155514
0.99998, 0.00638804

0.0, 0.0
0.0623548, 0.0164564
0.999977, 0.0068139

0.0, 0.0
0.0645339, 0.0173503
0.999974, 0.00723976

0.0, 0.0
0.0666741, 0.0182338
0.999971, 0.00766562

0.0, 0.0
0.068778, 0.0191074
0.999967, 0.00809148

0.0, 0.0
0.070848, 0.0199716
0.999964, 0.00851734

0.0, 0.0
0.072886, 0.0208268
0.99996, 0.00894319

0.0, 0.0
0.074894, 0.0216733
0.999956, 0.00936905

0.0, 0.0
0.0768735, 0.0225117
0.999952, 0.0097949

0.0, 0.0
0.0788262, 0.0233422
0.999948, 0.0102208

0.0, 0.0
0.0807534, 0.0241651
0.999943, 0.0106466

0.0, 0.0
0.0826564, 0.0249808
0.999939, 0.0110724

0.0, 0.0
0.0845364, 0.0257895
0.999934, 0.0114983

0.0, 0.0
0.0863943, 0.0265915
0.999929, 0.0119241

0.0, 0.0
0.0882312, 0.027387
0.999924, 0.01235

0.0, 0.0
0.0900481, 0.0281763
0.999918, 0.0127758

0.0, 0.0
0.0918456, 0.0289596
0.999913, 0.0132016

0.0, 0.0
0.0936247, 0.0297371
0.999907, 0.0136275

0.0, 0.0
0.0953861, 0.0305089
0.999901, 0.0140533

0.0, 0.0
0.0971304, 0.0312753
0.999895, 0.0144791

0.0, 0.0
0.0988583, 0.0320363
0.999889, 0.014905

0.0, 0.0
0.10057, 0.0327923
0.999882, 0.0153308

0.0, 0.0
0.102267, 0.0335432
0.999876, 0.0157566

0.0, 0.0
0.103949, 0.0342894
0.999869, 0.0161824

0.0, 0.0
0.105617, 0.0350308
0.999862, 0.0166082

0.0, 0.0
0.107271, 0.0357677
0.999855, 0.0170341

0.0, 0.0
0.108912, 0.0365001
0.999848, 0.0174599

0.0, 0.0
0.11054, 0.0372282
0.99984, 0.0178857

0.0, 0.0
0.112155, 0.0379521
0.999832, 0.0183115

0.0, 0.0
0.113758, 0.0386719
0.999824, 0.0187373

0.0, 0.0
0.11535, 0.0393877
0.999816, 0.0191631

0.0, 0.0
0.11693, 0.0400996
0.999808, 0.0195889

0.0, 0.0
0.118499, 0.0408076
0.9998, 0.0200146

0.0, 0.0
0.120057, 0.041512
0.999791, 0.0204404

0.0, 0.0
0.121604, 0.0422127
0.999782, 0.0208662

0.0, 0.0
0.123141, 0.0429098
0.999773, 0.021292

0.0, 0.0
0.124669, 0.0436035
0.999764, 0.0217178

0.0, 0.0
0.126186, 0.0442938
0.999755, 0.0221435

0.0, 0.0
0.127695, 0.0449807
0.999745, 0.0225693

0.0, 0.0
0.129193, 0.0456644
0.999736, 0.0229951

0.0, 0.0
0.130683, 0.0463449
0.999726, 0.0234208

0.0, 0.0
0.132164, 0.0470223
0.999716, 0.0238466

0.0, 0.0
0.133637, 0.0476966
0.999705, 0.0242723

0.0, 0.0
0.135101, 0.0483679
0.999695, 0.0246981

0.0, 0.0
0.136557, 0.0490363
0.999684, 0.0251238

0.0, 0.0
0.138005, 0.0497018
0.999674, 0.0255495

0.0, 0.0
0.139445, 0.0503645
0.999663, 0.0259753

0.0, 0.0
0.140877, 0.0510244
0.999651, 0.026401

0.0, 0.0
0.142302, 0.0516815
0.99964, 0.0268267

0.0, 0.0
0.143719, 0.052336
0.999629, 0.0272524

0.0, 0.0
0.14513, 0.0529879
0.999617, 0.0276781

0.0, 0.0
0.146533, 0.0536372
0.999605, 0.0281039

0.0, 0.0
0.147929, 0.0542839
0.999593, 0.0285296

0.0, 0.0
0.149319, 0.0549282
0.999581, 0.0289552

0.0, 0.0
0.150701, 0.05557
0.999568, 0.0293809

0.0, 0.0
0.152078, 0.0562094
0.999556, 0.0298066

0.0, 0.0
0.153448, 0.0568464
0.999543, 0.0302323

0.0, 0.0
0.154811, 0.0574811
0.99953, 0.030658

0.0, 0.0
0.156169, 0.0581136
0.999517, 0.0310836

0.0, 0.0
0.15752, 0.0587437
0.999503, 0.0315093

0.0, 0.0
0.158865, 0.0593716
0.99949, 0.031935

0.0, 0.0
0.160205, 0.0599974
0.999476, 0.0323606

0.0, 0.0
0.161539, 0.060621
0.999462, 0.0327863

0.0, 0.0
0.162867, 0.0612425
0.999448, 0.0332119

0.0, 0.0
0.164189, 0.0618619
0.999434, 0.0336375

0.0, 0.0
0.165507, 0.0624792
0.99942, 0.0340632

0.0, 0.0
0.166818, 0.0630945
0.999405, 0.0344888

0.0, 0.0
0.168125, 0.0637078
0.99939, 0.0349144

0.0, 0.0
0.169426, 0.0643191
0.999375, 0.03534

0.0, 0.0
0.170723, 0.0649285
0.99936, 0.0357656

0.0, 0.0
0.172014, 0.065536
0.999345, 0.0361912

0.0, 0.0
0.1733, 0.0661416
0.999329, 0.0366168

0.0, 0.0
0.174581, 0.0667454
0.999314, 0.0370424

0.0, 0.0
0.175858, 0.0673473
0.999298, 0.037468

0.0, 0.0
0.17713, 0.0679474
0.999282, 0.0378935

0.0, 0.0
0.178397, 0.0685457
0.999266, 0.0383191

0.0, 0.0
0.17966, 0.0691422
0.999249, 0.0387447

0.0, 0.0
0.180918, 0.069737
0.999233, 0.0391702

0.0, 0.0
0.182171, 0.0703301
0.999216, 0.0395957

0.0, 0.0
0.183421, 0.0709215
0.999199, 0.0400213

0.0, 0.0
0.184665, 0.0715112
0.999182, 0.0404468

0.0, 0.0
0.185906, 0.0720992
0.999164, 0.0408723

0.0, 0.0
0.187143, 0.0726856
0.999147, 0.0412978

0.0, 0.0
0.188375, 0.0732705
0.999129, 0.0417233

0.0, 0.0
0.189603, 0.0738537
0.999111, 0.0421488

0.0, 0.0
0.190827, 0.0744353
0.999093, 0.0425743

0.0, 0.0
0.192047, 0.0750154
0.999075, 0.0429998

0.0, 0.0
0.193264, 0.0755939
0.999057, 0.0434253

0.0, 0.0
0.194476, 0.076171
0.999038, 0.0438508

0.0, 0.0
0.195685, 0.0767465
0.999019, 0.0442762

0.0, 0.0
0.196889, 0.0773205
0.999, 0.0447017

0.0, 0.0
0.19809, 0.0778931
0.998981, 0.0451271

0.0, 0.0
0.199288, 0.0784642
0.998962, 0.0455525

0.0, 0.0
0.200481, 0.0790339
0.998942, 0.045978

0.0, 0.0
0.201671, 0.0796022
0.998923, 0.0464034

0.0, 0.0
0.202858, 0.0801691
0.998903, 0.0468288

0.0, 0.0
0.204041, 0.0807345
0.998883, 0.0472542

0.0, 0.0
0.205221, 0.0812987
0.998863, 0.0476796

0.0, 0.0
0.206397, 0.0818614
0.998842, 0.048105

0.0, 0.0
0.20757, 0.0824228
0.998822, 0.0485303

0.0, 0.0
0.208739, 0.0829829
0.998801, 0.0489557

0.0, 0.0
0.209905, 0.0835417
0.99878, 0.0493811

0.0, 0.0
0.211068, 0.0840991
0.998759, 0.0498064

0.0, 0.0
0.212228, 0.0846553
0.998738, 0.0502317

0.0, 0.0
0.213384, 0.0852102
0.998716, 0.0506571

0.0, 0.0
0.214537, 0.0857638
0.998694, 0.0510824

0.0, 0.0
0.215687, 0.0863162
0.998673, 0.0515077

0.0, 0.0
0.216835, 0.0868674
0.998651, 0.051933

0.0, 0.0
0.217979, 0.0874173
0.998628, 0.0523583

0.0, 0.0
0.21912, 0.087966
0.998606, 0.0527836

0.0, 0.0
0.220258, 0.0885135
0.998583, 0.0532089

0.0, 0.0
0.221393, 0.0890599
0.998561, 0.0536341

0.0, 0.0
0.222525, 0.089605
0.998538, 0.0540594

0.0, 0.0
0.223654, 0.090149
0.998515, 0.0544846

0.0, 0.0
0.22478, 0.0906918
0.998491, 0.0549099

0.0, 0.0
0.225904, 0.0912335
0.998468, 0.0553351

0.0, 0.0
0.227025, 0.0917741
0.998444, 0.0557603

0.0, 0.0
0.228143, 0.0923135
0.99842, 0.0561855

0.0, 0.0
0.229258, 0.0928518
0.998396, 0.0566107

0.0, 0.0
0.230371, 0.093389
0.998372, 0.0570359

0.0, 0.0
0.23148, 0.0939252
0.998348, 0.0574611

0.0, 0.0
0.232588, 0.0944602
0.998323, 0.0578862

0.0, 0.0
0.233692, 0.0949942
0.998298, 0.0583114

0.0, 0.0
0.234794, 0.0955271
0.998274, 0.0587365

0.0, 0.0
0.235893, 0.0960589
0.998248, 0.0591616

0.0, 0.0
0.23699, 0.0965898
0.998223, 0.0595868

0.0, 0.0
0.238084, 0.0971195
0.998198, 0.0600119

0.0, 0.0
0.239176, 0.0976483
0.998172, 0.060437

0.0, 0.0
0.240265, 0.098176
0.998146, 0.0608621

0.0, 0.0
0.241352, 0.0987027
0.99812, 0.0612871

0.0, 0.0
0.242437, 0.0992285
0.998094, 0.0617122

0.0, 0.0
0.243518, 0.0997532
0.998068, 0.0621373

0.0, 0.0
0.244598, 0.100277
0.998041, 0.0625623

0.0, 0.0
0.245675, 0.1008
0.998014, 0.0629873

0.0, 0.0
0.24675, 0.101322
0.997987, 0.0634124

0.0, 0.0
0.247822, 0.101842
0.99796, 0.0638374

0.0, 0.0
0.248893, 0.102362
0.997933, 0.0642624

0.0, 0.0
0.24996, 0.102881
0.997906, 0.0646873

0.0, 0.0
0.251026, 0.103399
0.997878, 0.0651123

0.0, 0.0
0.252089, 0.103916
0.99785, 0.0655373

0.0, 0.0
0.253151, 0.104432
0.997822, 0.0659622

0.0, 0.0
0.25421, 0.104948
0.997794, 0.0663872

0.0, 0.0
0.255266, 0.105462
0.997766, 0.0668121

0.0, 0.0
0.256321, 0.105976
0.997737, 0.067237

0.0, 0.0
0.257373, 0.106488
0.997708, 0.0676619

0.0, 0.0
0.258423, 0.107
0.997679, 0.0680868

0.0, 0.0
0.259472, 0.107511
0.99765, 0.0685117

0.0, 0.0
0.260518, 0.10802
0.997621, 0.0689365

0.0, 0.0
0.261562, 0.10853
0.997592, 0.0693614

0.0, 0.0
0.262604, 0.109038
0.997562, 0.0697862

0.0, 0.0
0.263643, 0.109545
0.997532, 0.0702111

0.0, 0.0
0.264681, 0.110052
0.997502, 0.0706359

0.0, 0.0
0.265717, 0.110557
0.997472, 0.0710607

0.0, 0.0
0.266751, 0.111062
0.997442, 0.0714855

0.0, 0.0
0.267783, 0.111566
0.997411, 0.0719102

0.0, 0.0
0.268813, 0.112069
0.99738, 0.072335

0.0, 0.0
0.26984, 0.112572
0.997349, 0.0727598

0.0, 0.0
0.270866, 0.113073
0.997318, 0.0731845

0.0, 0.0
0.271891, 0.113574
0.997287, 0.0736092

0.0, 0.0
0.272913, 0.114074
0.997256, 0.0740339

0.0, 0.0
0.273933, 0.114573
0.997224, 0.0744586

0.0, 0.0
0.274951, 0.115071
0.997192, 0.0748833

0.0, 0.0
0.275968, 0.115569
0.99716, 0.075308

0.0, 0.0
0.276983, 0.116066
0.997128, 0.0757326

0.0, 0.0
0.277995, 0.116562
0.997096, 0.0761573

0.0, 0.0
0.279006, 0.117057
0.997063, 0.0765819

0.0, 0.0
0.280016, 0.117552
0.997031, 0.0770065

0.0, 0.0
0.281023, 0.118045
0.996998, 0.0774311

0.0, 0.0
0.282029, 0.118539
0.996965, 0.0778557

0.0, 0.0
0.283033, 0.119031
0.996931, 0.0782803

0.0, 0.0
0.284035, 0.119522
0.996898, 0.0787048

0.0, 0.0
0.285035, 0.120013
0.996864, 0.0791294

0.0, 0.0
0.286034, 0.120503
0.996831, 0.0795539

0.0, 0.0
0.287031, 0.120993
0.996797, 0.0799784

0.0, 0.0
0.288026, 0.121481
0.996762, 0.0804029

0.0, 0.0
0.28902, 0.121969
0.996728, 0.0808274

0.0, 0.0
0.290012, 0.122456
0.996694, 0.0812519

0.0, 0.0
0.291002, 0.122943
0.996659, 0.0816763

0.0, 0.0
0.291991, 0.123429
0.996624, 0.0821008

0.0, 0.0
0.292977, 0.123914
0.996589, 0.0825252

0.0, 0.0
0.293963, 0.124398
0.996554, 0.0829496

0.0, 0.0
0.294947, 0.124882
0.996518, 0.083374

0.0, 0.0
0.295929, 0.125365
0.996483, 0.0837984

0.0, 0.0
0.296909, 0.125847
0.996447, 0.0842228

0.0, 0.0
0.297888, 0.126329
0.996411, 0.0846471

0.0, 0.0
0.298865, 0.12681
0.996375, 0.0850715

0.0, 0.0
0.299841, 0.12729
0.996339, 0.0854958

0.0, 0.0
0.300815, 0.12777
0.996302, 0.0859201

0.0, 0.0
0.301788, 0.128249
0.996265, 0.0863444

0.0, 0.0
0.302759, 0.128728
0.996228, 0.0867686

0.0, 0.0
0.303729, 0.129205
0.996191, 0.0871929

0.0, 0.0
0.304697, 0.129682
0.996154, 0.0876171

0.0, 0.0
0.305663, 0.130159
0.996117, 0.0880414

0.0, 0.0
0.306629, 0.130635
0.996079, 0.0884656

0.0, 0.0
0.307592, 0.13111
0.996041, 0.0888898

0.0, 0.0
0.308554, 0.131584
0.996004, 0.0893139

0.0, 0.0
0.309515, 0.132058
0.995965, 0.0897381

0.0, 0.0
0.310474, 0.132532
0.995927, 0.0901623

0.0, 0.0
0.311432, 0.133004
0.995889, 0.0905864

0.0, 0.0
0.312388, 0.133476
0.99585, 0.0910105

0.0, 0.0
0.313343, 0.133948
0.995811, 0.0914346

0.0, 0.0
0.314297, 0.134419
0.995772, 0.0918587

0.0, 0.0
0.315249, 0.134889
0.995733, 0.0922827

0.0, 0.0
0.3162, 0.135359
0.995693, 0.0927068

0.0, 0.0
0.317149, 0.135828
0.995654, 0.0931308

0.0, 0.0
0.318097, 0.136296
0.995614, 0.0935548

0.0, 0.0
0.319043, 0.136764
0.995574, 0.0939788

0.0, 0.0
0.319989, 0.137231
0.995534, 0.0944028

0.0, 0.0
0.320933, 0.137698
0.995494, 0.0948268

0.0, 0.0
0.321875, 0.138164
0.995453, 0.0952507

0.0, 0.0
0.322816, 0.13863
0.995413, 0.0956746

0.0, 0.0
0.323756, 0.139095
0.995372, 0.0960985

0.0, 0.0
0.324694, 0.139559
0.995331, 0.0965224

0.0, 0.0
0.325632, 0.140023
0.99529, 0.0969463

0.0, 0.0
0.326568, 0.140486
0.995248, 0.0973702

0.0, 0.0
0.327502, 0.140949
0.995207, 0.097794

0.0, 0.0
0.328435, 0.141411
0.995165, 0.0982178

0.0, 0.0
0.329367, 0.141872
0.995123, 0.0986416

0.0, 0.0
0.330298, 0.142333
0.995081, 0.0990654

0.0, 0.0
0.331227, 0.142794
0.995039, 0.0994892

0.0, 0.0
0.332156, 0.143254
0.994996, 0.0999129

0.0, 0.0
0.333083, 0.143713
0.994954, 0.100337

0.0, 0.0
0.334008, 0.144172
0.994911, 0.10076

0.0, 0.0
0.334933, 0.14463
0.994868, 0.101184

0.0, 0.0
0.335856, 0.145088
0.994825, 0.101608

0.0, 0.0
0.336778, 0.145545
0.994781, 0.102031

0.0, 0.0
0.337699, 0.146002
0.994738, 0.102455

0.0, 0.0
0.338618, 0.146458
0.994694, 0.102879

0.0, 0.0
0.339537, 0.146914
0.99465, 0.103302

0.0, 0.0
0.340454, 0.147369
0.994606, 0.103726

0.0, 0.0
0.34137, 0.147824
0.994562, 0.104149

0.0, 0.0
0.342284, 0.148278
0.994517, 0.104573

0.0, 0.0
0.343198, 0.148731
0.994473, 0.104997

0.0, 0.0
0.34411, 0.149184
0.994428, 0.10542

0.0, 0.0
0.345022, 0.149637
0.994383, 0.105844

0.0, 0.0
0.345932, 0.150089
0.994338, 0.106267

0.0, 0.0
0.346841, 0.150541
0.994292, 0.10669

0.0, 0.0
0.347748, 0.150992
0.994247, 0.107114

0.0, 0.0
0.348655, 0.151442
0.994201, 0.107537

0.0, 0.0
0.349561, 0.151892
0.994155, 0.107961

0.0, 0.0
0.350465, 0.152342
0.994109, 0.108384

0.0, 0.0
0.351368, 0.152791
0.994063, 0.108807

0.0, 0.0
0.35227, 0.153239
0.994016, 0.109231

0.0, 0.0
0.353171, 0.153688
0.99397, 0.109654

0.0, 0.0
0.354071, 0.154135
0.993923, 0.110077

0.0, 0.0
0.35497, 0.154582
0.993876, 0.110501

0.0, 0.0
0.355868, 0.155029
0.993829, 0.110924

0.0, 0.0
0.356765, 0.155475
0.993782, 0.111347

0.0, 0.0
0.35766, 0.155921
0.993734, 0.11177

0.0, 0.0
0.358555, 0.156366
0.993686, 0.112193

0.0, 0.0
0.359448, 0.156811
0.993639, 0.112617

0.0, 0.0
0.36034, 0.157255
0.99359, 0.11304

0.0, 0.0
0.361232, 0.157699
0.993542, 0.113463

0.0, 0.0
0.362122, 0.158142
0.993494, 0.113886

0.0, 0.0
0.363011, 0.158585
0.993445, 0.114309

0.0, 0.0
0.363899, 0.159028
0.993396, 0.114732

0.0, 0.0
0.364786, 0.15947
0.993348, 0.115155

0.0, 0.0
0.365672, 0.159911
0.993298, 0.115578

0.0, 0.0
0.366557, 0.160352
0.993249, 0.116001

0.0, 0.0
0.367441, 0.160793
0.9932, 0.116424

0.0, 0.0
0.368325, 0.161233
0.99315, 0.116847

0.0, 0.0
0.369207, 0.161673
0.9931, 0.11727

0.0, 0.0
0.370088, 0.162112
0.99305, 0.117693

0.0, 0.0
0.370967, 0.162551
0.993, 0.118116

0.0, 0.0
0.371846, 0.16299
0.992949, 0.118539

0.0, 0.0
0.372724, 0.163428
0.992899, 0.118962

0.0, 0.0
0.373602, 0.163865
0.992848, 0.119385

0.0, 0.0
0.374478, 0.164302
0.992797, 0.119807

0.0, 0.0
0.375353, 0.164739
0.992746, 0.12023

0.0, 0.0
0.376227, 0.165175
0.992695, 0.120653

0.0, 0.0
0.3771, 0.165611
0.992643, 0.121076

0.0, 0.0
0.377972, 0.166046
0.992592, 0.121498

0.0, 0.0
0.378843, 0.166481
0.99254, 0.121921

0.0, 0.0
0.379713, 0.166916
0.992488, 0.122344

0.0, 0.0
0.380583, 0.16735
0.992436, 0.122767

0.0, 0.0
0.381451, 0.167784
0.992383, 0.123189

0.0, 0.0
0.382318, 0.168217
0.992331, 0.123612

0.0, 0.0
0.383185, 0.16865
0.992278, 0.124034

0.0, 0.0
0.38405, 0.169082
0.992225, 0.124457

0.0, 0.0
0.384915, 0.169515
0.992172, 0.124879

0.0, 0.0
0.385779, 0.169946
0.992119, 0.125302

0.0, 0.0
0.386641, 0.170377
0.992065, 0.125725

0.0, 0.0
0.387503, 0.170808
0.992012, 0.126147

0.0, 0.0
0.388364, 0.171239
0.991958, 0.126569

0.0, 0.0
0.389224, 0.171669
0.991904, 0.126992

0.0, 0.0
0.390083, 0.172098
0.99185, 0.127414

0.0, 0.0
0.390942, 0.172528
0.991795, 0.127837

0.0, 0.0
0.391799, 0.172956
0.991741, 0.128259

0.0, 0.0
0.392655, 0.173385
0.991686, 0.128681

0.0, 0.0
0.393511, 0.173813
0.991631, 0.129104

0.0, 0.0
0.394366, 0.174241
0.991576, 0.129526

0.0, 0.0
0.395219, 0.174668
0.991521, 0.129948

0.0, 0.0
0.396072, 0.175095
0.991465, 0.130371

0.0, 0.0
0.396924, 0.175521
0.99141, 0.130793

0.0, 0.0
0.397776, 0.175947
0.991354, 0.131215

0.0, 0.0
0.398626, 0.176373
0.991298, 0.131637

0.0, 0.0
0.399475, 0.176798
0.991242, 0.132059

0.0, 0.0
0.400324, 0.177223
0.991185, 0.132481

0.0, 0.0
0.401172, 0.177648
0.991129, 0.132904

0.0, 0.0
0.402019, 0.178072
0.991072, 0.133326

0.0, 0.0
0.402865, 0.178496
0.991015, 0.133748

0.0, 0.0
0.40371, 0.178919
0.990958, 0.13417

0.0, 0.0
0.404555, 0.179342
0.990901, 0.134592

0.0, 0.0
0.405398, 0.179765
0.990844, 0.135014

0.0, 0.0
0.406241, 0.180187
0.990786, 0.135436

0.0, 0.0
0.407083, 0.180609
0.990728, 0.135858

0.0, 0.0
0.407924, 0.181031
0.99067, 0.13628

0.0, 0.0
0.408764, 0.181452
0.990612, 0.136701

0.0, 0.0
0.409604, 0.181873
0.990554, 0.137123

0.0, 0.0
0.410442, 0.182293
0.990496, 0.137545

0.0, 0.0
0.41128, 0.182714
0.990437, 0.137967

0.0, 0.0
0.412117, 0.183133
0.990378, 0.138389

0.0, 0.0
0.412953, 0.183553
0.990319, 0.13881

0.0, 0.0
0.413789, 0.183972
0.99026, 0.139232

0.0, 0.0
0.414624, 0.18439
0.9902, 0.139654

0.0, 0.0
0.415457, 0.184809
0.990141, 0.140076

0.0, 0.0
0.41629, 0.185227
0.990081, 0.140497

0.0, 0.0
0.417123, 0.185644
0.990021, 0.140919

0.0, 0.0
0.417954, 0.186062
0.989961, 0.14134

0.0, 0.0
0.418785, 0.186479
0.989901, 0.141762

0.0, 0.0
0.419615, 0.186895
0.98984, 0.142184

0.0, 0.0
0.420444, 0.187311
0.98978, 0.142605

0.0, 0.0
0.421273, 0.187727
0.989719, 0.143027

0.0, 0.0
0.4221, 0.188143
0.989658, 0.143448

0.0, 0.0
0.422927, 0.188558
0.989597, 0.14387

0.0, 0.0
0.423753, 0.188973
0.989535, 0.144291

0.0, 0.0
0.424579, 0.189387
0.989474, 0.144712

0.0, 0.0
0.425403, 0.189802
0.989412, 0.145134

0.0, 0.0
0.426227, 0.190215
0.98935, 0.145555

0.0, 0.0
0.42705, 0.190629
0.989288, 0.145976

0.0, 0.0
0.427873, 0.191042
0.989226, 0.146398

0.0, 0.0
0.428694, 0.191455
0.989163, 0.146819

0.0, 0.0
0.429515, 0.191868
0.989101, 0.14724

0.0, 0.0
0.430336, 0.19228
0.989038, 0.147662

0.0, 0.0
0.431155, 0.192692
0.988975, 0.148083

0.0, 0.0
0.431974, 0.193103
0.988912, 0.148504

0.0, 0.0
0.432792, 0.193514
0.988848, 0.148925

0.0, 0.0
0.433609, 0.193925
0.988785, 0.149346

0.0, 0.0
0.434426, 0.194336
0.988721, 0.149767

0.0, 0.0
0.435241, 0.194746
0.988657, 0.150188

0.0, 0.0
0.436057, 0.195156
0.988593, 0.150609

0.0, 0.0
0.436871, 0.195565
0.988529, 0.15103

0.0, 0.0
0.437685, 0.195975
0.988465, 0.151451

0.0, 0.0
0.438498, 0.196383
0.9884, 0.151872

0.0, 0.0
0.43931, 0.196792
0.988335, 0.152293

0.0, 0.0
0.440122, 0.1972
0.98827, 0.152714

0.0, 0.0
0.440932, 0.197608
0.988205, 0.153135

0.0, 0.0
0.441743, 0.198016
0.98814, 0.153556

0.0, 0.0
0.442552, 0.198423
0.988075, 0.153977

0.0, 0.0
0.443361, 0.19883
0.988009, 0.154397

0.0, 0.0
0.444169, 0.199237
0.987943, 0.154818

0.0, 0.0
0.444977, 0.199644
0.987877, 0.155239

0.0, 0.0
0.445783, 0.20005
0.987811, 0.155659

0.0, 0.0
0.44659, 0.200455
0.987744, 0.15608

0.0, 0.0
0.447395, 0.200861
0.987678, 0.156501

0.0, 0.0
0.4482, 0.201266
0.987611, 0.156921

0.0, 0.0
0.449004, 0.201671
0.987544, 0.157342

0.0, 0.0
0.449807, 0.202076
0.987477, 0.157763

0.0, 0.0
0.45061, 0.20248
0.98741, 0.158183

0.0, 0.0
0.451412, 0.202884
0.987342, 0.158604

0.0, 0.0
0.452213, 0.203287
0.987275, 0.159024

0.0, 0.0
0.453014, 0.203691
0.987207, 0.159444

0.0, 0.0
0.453814, 0.204094
0.987139, 0.159865

0.0, 0.0
0.454614, 0.204497
0.987071, 0.160285

0.0, 0.0
0.455413, 0.204899
0.987002, 0.160706

0.0, 0.0
0.456211, 0.205301
0.986934, 0.161126

0.0, 0.0
0.457008, 0.205703
0.986865, 0.161546

0.0, 0.0
0.457805, 0.206105
0.986796, 0.161966

0.0, 0.0
0.458601, 0.206506
0.986727, 0.162387

0.0, 0.0
0.459397, 0.206907
0.986658, 0.162807

0.0, 0.0
0.460192, 0.207308
0.986589, 0.163227

0.0, 0.0
0.460986, 0.207708
0.986519, 0.163647

0.0, 0.0
0.46178, 0.208108
0.986449, 0.164067

0.0, 0.0
0.462573, 0.208508
0.986379, 0.164487

0.0, 0.0
0.463365, 0.208908
0.986309, 0.164907

0.0, 0.0
0.464157, 0.209307
0.986239, 0.165328

0.0, 0.0
0.464948, 0.209706
0.986168, 0.165748

0.0, 0.0
0.465739, 0.210105
0.986098, 0.166167

0.0, 0.0
0.466529, 0.210503
0.986027, 0.166587

0.0, 0.0
0.467318, 0.210901
0.985956, 0.167007

0.0, 0.0
0.468107, 0.211299
0.985884, 0.167427

0.0, 0.0
0.468895, 0.211697
0.985813, 0.167847

0.0, 0.0
0.469682, 0.212094
0.985741, 0.168267

0.0, 0.0
0.470469, 0.212491
0.98567, 0.168687

0.0, 0.0
0.471255, 0.212888
0.985598, 0.169106

0.0, 0.0
0.472041, 0.213284
0.985526, 0.169526

0.0, 0.0
0.472826, 0.21368
0.985453, 0.169946

0.0, 0.0
0.47361, 0.214076
0.985381, 0.170365

0.0, 0.0
0.474394, 0.214472
0.985308, 0.170785

0.0, 0.0
0.475178, 0.214867
0.985235, 0.171205

0.0, 0.0
0.47596, 0.215262
0.985162, 0.171624

0.0, 0.0
0.476742, 0.215657
0.985089, 0.172044

0.0, 0.0
0.477524, 0.216051
0.985016, 0.172463

0.0, 0.0
0.478305, 0.216446
0.984942, 0.172883

0.0, 0.0
0.479085, 0.21684
0.984869, 0.173302

0.0, 0.0
0.479865, 0.217233
0.984795, 0.173722

0.0, 0.0
0.480644, 0.217627
0.984721, 0.174141

0.0, 0.0
0.481422, 0.21802
0.984646, 0.17456

0.0, 0.0
0.4822, 0.218413
0.984572, 0.17498

0.0, 0.0
0.482978, 0.218806
0.984497, 0.175399

0.0, 0.0
0.483755, 0.219198
0.984423, 0.175818

0.0, 0.0
0.484531, 0.21959
0.984348, 0.176237

0.0, 0.0
0.485307, 0.219982
0.984273, 0.176657

0.0, 0.0
0.486082, 0.220374
0.984197, 0.177076

0.0, 0.0
0.486856, 0.220765
0.984122, 0.177495

0.0, 0.0
0.48763, 0.221156
0.984046, 0.177914

0.0, 0.0
0.488404, 0.221547
0.98397, 0.178333

0.0, 0.0
0.489177, 0.221938
0.983894, 0.178752

0.0, 0.0
0.489949, 0.222328
0.983818, 0.179171

0.0, 0.0
0.490721, 0.222718
0.983742, 0.17959

0.0, 0.0
0.491492, 0.223108
0.983665, 0.180009

0.0, 0.0
0.492263, 0.223497
0.983588, 0.180428

0.0, 0.0
0.493033, 0.223887
0.983511, 0.180847

0.0, 0.0
0.493802, 0.224276
0.983434, 0.181266

0.0, 0.0
0.494571, 0.224664
0.983357, 0.181684

0.0, 0.0
0.49534, 0.225053
0.983279, 0.182103

0.0, 0.0
0.496108, 0.225441
0.983202, 0.182522

0.0, 0.0
0.496875, 0.225829
0.983124, 0.182941

0.0, 0.0
0.497642, 0.226217
0.983046, 0.183359

0.0, 0.0
0.498408, 0.226604
0.982968, 0.183778

0.0, 0.0
0.499174, 0.226992
0.982889, 0.184197

0.0, 0.0
0.499939, 0.227379
0.982811, 0.184615

0.0, 0.0
0.500704, 0.227766
0.982732, 0.185034

0.0, 0.0
0.501468, 0.228152
0.982653, 0.185452

0.0, 0.0
0.502232, 0.228538
0.982574, 0.185871

0.0, 0.0
0.502995, 0.228924
0.982495, 0.186289

0.0, 0.0
0.503758, 0.22931
0.982416, 0.186707

0.0, 0.0
0.50452, 0.229696
0.982336, 0.187126

0.0, 0.0
0.505281, 0.230081
0.982256, 0.187544

0.0, 0.0
0.506042, 0.230466
0.982176, 0.187962

0.0, 0.0
0.506803, 0.230851
0.982096, 0.188381

0.0, 0.0
0.507563, 0.231236
0.982016, 0.188799

0.0, 0.0
0.508322, 0.23162
0.981935, 0.189217

0.0, 0.0
0.509081, 0.232004
0.981855, 0.189635

0.0, 0.0
0.50984, 0.232388
0.981774, 0.190053

0.0, 0.0
0.510598, 0.232772
0.981693, 0.190471

0.0, 0.0
0.511355, 0.233155
0.981612, 0.19089

0.0, 0.0
0.512112, 0.233538
0.98153, 0.191308

0.0, 0.0
0.512869, 0.233921
0.981449, 0.191726

0.0, 0.0
0.513624, 0.234304
0.981367, 0.192144

0.0, 0.0
0.51438, 0.234686
0.981285, 0.192561

0.0, 0.0
0.515135, 0.235068
0.981203, 0.192979

0.0, 0.0
0.515889, 0.23545
0.981121, 0.193397

0.0, 0.0
0.516643, 0.235832
0.981038, 0.193815

0.0, 0.0
0.517397, 0.236214
0.980955, 0.194233

0.0, 0.0
0.518149, 0.236595
0.980873, 0.19465

0.0, 0.0
0.518902, 0.236976
0.98079, 0.195068

0.0, 0.0
0.519654, 0.237357
0.980707, 0.195486

0.0, 0.0
0.520405, 0.237737
0.980623, 0.195904

0.0, 0.0
0.521156, 0.238118
0.98054, 0.196321

0.0, 0.0
0.521907, 0.238498
0.980456, 0.196739

0.0, 0.0
0.522657, 0.238878
0.980372, 0.197156

0.0, 0.0
0.523406, 0.239258
0.980288, 0.197574

0.0, 0.0
0.524155, 0.239637
0.980204, 0.197991

0.0, 0.0
0.524904, 0.240016
0.980119, 0.198409

0.0, 0.0
0.525652, 0.240395
0.980035, 0.198826

0.0, 0.0
0.526399, 0.240774
0.97995, 0.199243

0.0, 0.0
0.527146, 0.241153
0.979865, 0.199661

0.0, 0.0
0.527893, 0.241531
0.97978, 0.200078

0.0, 0.0
0.528639, 0.241909
0.979695, 0.200495

0.0, 0.0
0.529385, 0.242287
0.979609, 0.200912

0.0, 0.0
0.53013, 0.242665
0.979524, 0.20133

0.0, 0.0
0.530875, 0.243042
0.979438, 0.201747

0.0, 0.0
0.531619, 0.243419
0.979352, 0.202164

0.0, 0.0
0.532363, 0.243796
0.979266, 0.202581

0.0, 0.0
0.533106, 0.244173
0.979179, 0.202998

0.0, 0.0
0.533849, 0.24455
0.979093, 0.203415

0.0, 0.0
0.534592, 0.244926
0.979006, 0.203832

0.0, 0.0
0.535334, 0.245302
0.978919, 0.204249

0.0, 0.0
0.536075, 0.245678
0.978832, 0.204666

0.0, 0.0
0.536816, 0.246054
0.978745, 0.205082

0.0, 0.0
0.537557, 0.246429
0.978657, 0.205499

0.0, 0.0
0.538297, 0.246804
0.97857, 0.205916

0.0, 0.0
0.539036, 0.24718
0.978482, 0.206333

0.0, 0.0
0.539776, 0.247554
0.978394, 0.206749

0.0, 0.0
0.540514, 0.247929
0.978306, 0.207166

0.0, 0.0
0.541253, 0.248303
0.978217, 0.207583

0.0, 0.0
0.541991, 0.248678
0.978129, 0.207999

0.0, 0.0
0.542728, 0.249052
0.97804, 0.208416

0.0, 0.0
0.543465, 0.249425
0.977951, 0.208832

0.0, 0.0
0.544202, 0.249799
0.977862, 0.209249

0.0, 0.0
0.544938, 0.250172
0.977773, 0.209665

0.0, 0.0
0.545673, 0.250546
0.977684, 0.210082

0.0, 0.0
0.546409, 0.250918
0.977594, 0.210498

0.0, 0.0
0.547143, 0.251291
0.977505, 0.210914

0.0, 0.0
0.547878, 0.251664
0.977415, 0.21133

0.0, 0.0
0.548611, 0.252036
0.977325, 0.211747

0.0, 0.0
0.549345, 0.252408
0.977234, 0.212163

0.0, 0.0
0.550078, 0.25278
0.977144, 0.212579

0.0, 0.0
0.550811, 0.253152
0.977053, 0.212995

0.0, 0.0
0.551543, 0.253523
0.976962, 0.213411

0.0, 0.0
0.552274, 0.253895
0.976871, 0.213827

0.0, 0.0
0.553006, 0.254266
0.97678, 0.214243

0.0, 0.0
0.553737, 0.254637
0.976689, 0.214659

0.0, 0.0
0.554467, 0.255007
0.976597, 0.215075

0.0, 0.0
0.555197, 0.255378
0.976506, 0.215491

0.0, 0.0
0.555927, 0.255748
0.976414, 0.215907

0.0, 0.0
0.556656, 0.256118
0.976322, 0.216323

0.0, 0.0
0.557384, 0.256488
0.97623, 0.216739

0.0, 0.0
0.558113, 0.256858
0.976137, 0.217154

0.0, 0.0
0.558841, 0.257227
0.976045, 0.21757

0.0, 0.0
0.559568, 0.257596
0.975952, 0.217986

0.0, 0.0
0.560295, 0.257965
0.975859, 0.218401

0.0, 0.0
0.561022, 0.258334
0.975766, 0.218817

0.0, 0.0
0.561748, 0.258703
0.975673, 0.219232

0.0, 0.0
0.562474, 0.259071
0.975579, 0.219648

0.0, 0.0
0.563199, 0.25944
0.975486, 0.220063

0.0, 0.0
0.563924, 0.259808
0.975392, 0.220479

0.0, 0.0
0.564649, 0.260176
0.975298, 0.220894

0.0, 0.0
0.565373, 0.260543
0.975204, 0.221309

0.0, 0.0
0.566097, 0.260911
0.975109, 0.221725

0.0, 0.0
0.56682, 0.261278
0.975015, 0.22214

0.0, 0.0
0.567543, 0.261645
0.97492, 0.222555

0.0, 0.0
0.568266, 0.262012
0.974825, 0.22297

0.0, 0.0
0.568988, 0.262379
0.97473, 0.223385

0.0, 0.0
0.56971, 0.262745
0.974635, 0.223801

0.0, 0.0
0.570431, 0.263112
0.97454, 0.224216

0.0, 0.0
0.571152, 0.263478
0.974444, 0.224631

0.0, 0.0
0.571872, 0.263844
0.974348, 0.225046

0.0, 0.0
0.572593, 0.26421
0.974252, 0.22546

0.0, 0.0
0.573312, 0.264575
0.974156, 0.225875

0.0, 0.0
0.574032, 0.264941
0.97406, 0.22629

0.0, 0.0
0.574751, 0.265306
0.973963, 0.226705

0.0, 0.0
0.575469, 0.265671
0.973867, 0.22712

0.0, 0.0
0.576187, 0.266036
0.97377, 0.227534

0.0, 0.0
0.576905, 0.2664
0.973673, 0.227949

0.0, 0.0
0.577623, 0.266765
0.973576, 0.228364

0.0, 0.0
0.57834, 0.267129
0.973479, 0.228778

0.0, 0.0
0.579056, 0.267493
0.973381, 0.229193

0.0, 0.0
0.579772, 0.267857
0.973283, 0.229607

0.0, 0.0
0.580488, 0.268221
0.973185, 0.230022

0.0, 0.0
0.581204, 0.268584
0.973087, 0.230436

0.0, 0.0
0.581919, 0.268947
0.972989, 0.230851

0.0, 0.0
0.582634, 0.269311
0.972891, 0.231265

0.0, 0.0
0.583348, 0.269674
0.972792, 0.231679

0.0, 0.0
0.584062, 0.270036
0.972693, 0.232094

0.0, 0.0
0.584775, 0.270399
0.972595, 0.232508

0.0, 0.0
0.585488, 0.270761
0.972495, 0.232922

0.0, 0.0
0.586201, 0.271123
0.972396, 0.233336

0.0, 0.0
0.586914, 0.271486
0.972297, 0.23375

0.0, 0.0
0.587626, 0.271847
0.972197, 0.234164

0.0, 0.0
0.588337, 0.272209
0.972097, 0.234578

0.0, 0.0
0.589049, 0.272571
0.971997, 0.234992

0.0, 0.0
0.58976, 0.272932
0.971897, 0.235406

0.0, 0.0
0.59047, 0.273293
0.971797, 0.23582

0.0, 0.0
0.59118, 0.273654
0.971696, 0.236234

0.0, 0.0
0.59189, 0.274015
0.971596, 0.236648

0.0, 0.0
0.5926, 0.274375
0.971495, 0.237062

0.0, 0.0
0.593309, 0.274736
0.971394, 0.237475

0.0, 0.0
0.594017, 0.275096
0.971292, 0.237889

0.0, 0.0
0.594726, 0.275456
0.971191, 0.238303

0.0, 0.0
0.595434, 0.275816
0.971089, 0.238716

0.0, 0.0
0.596141, 0.276176
0.970988, 0.23913

0.0, 0.0
0.596849, 0.276535
0.970886, 0.239543

0.0, 0.0
0.597556, 0.276895
0.970784, 0.239957

0.0, 0.0
0.598262, 0.277254
0.970681, 0.24037

0.0, 0.0
0.598968, 0.277613
0.970579, 0.240783

0.0, 0.0
0.599674, 0.277972
0.970476, 0.241197

0.0, 0.0
0.60038, 0.27833
0.970373, 0.24161

0.0, 0.0
0.601085, 0.278689
0.97027, 0.242023

0.0, 0.0
0.60179, 0.279047
0.970167, 0.242436

0.0, 0.0
0.602494, 0.279405
0.970064, 0.24285

0.0, 0.0
0.603198, 0.279763
0.96996, 0.243263

0.0, 0.0
0.603902, 0.280121
0.969857, 0.243676

0.0, 0.0
0.604605, 0.280478
0.969753, 0.244089

0.0, 0.0
0.605308, 0.280836
0.969649, 0.244502

0.0, 0.0
0.606011, 0.281193
0.969545, 0.244915

0.0, 0.0
0.606713, 0.28155
0.96944, 0.245328

0.0, 0.0
0.607415, 0.281907
0.969336, 0.24574

0.0, 0.0
0.608116, 0.282264
0.969231, 0.246153

0.0, 0.0
0.608818, 0.282621
0.969126, 0.246566

0.0, 0.0
0.609519, 0.282977
0.969021, 0.246979

0.0, 0.0
0.610219, 0.283333
0.968916, 0.247391

0.0, 0.0
0.610919, 0.283689
0.96881, 0.247804

0.0, 0.0
0.611619, 0.284045
0.968705, 0.248216

0.0, 0.0
0.612319, 0.284401
0.968599, 0.248629

0.0, 0.0
0.613018, 0.284757
0.968493, 0.249041

0.0, 0.0
0.613717, 0.285112
0.968387, 0.249454

0.0, 0.0
0.614415, 0.285467
0.96828, 0.249866

0.0, 0.0
0.615114, 0.285822
0.968174, 0.250279

0.0, 0.0
0.615812, 0.286177
0.968067, 0.250691

0.0, 0.0
0.616509, 0.286532
0.96796, 0.251103

0.0, 0.0
0.617206, 0.286887
0.967853, 0.251515

0.0, 0.0
0.617903, 0.287241
0.967746, 0.251927

0.0, 0.0
0.6186, 0.287595
0.967639, 0.25234

0.0, 0.0
0.619296, 0.287949
0.967531, 0.252752

0.0, 0.0
0.619992, 0.288303
0.967423, 0.253164

0.0, 0.0
0.620687, 0.288657
0.967316, 0.253576

0.0, 0.0
0.621382, 0.289011
0.967207, 0.253988

0.0, 0.0
0.622077, 0.289364
0.967099, 0.254399

0.0, 0.0
0.622772, 0.289717
0.966991, 0.254811

0.0, 0.0
0.623466, 0.29007
0.966882, 0.255223

0.0, 0.0
0.62416, 0.290423
0.966773, 0.255635

0.0, 0.0
0.624853, 0.290776
0.966664, 0.256047

0.0, 0.0
0.625547, 0.291129
0.966555, 0.256458

0.0, 0.0
0.62624, 0.291481
0.966446, 0.25687

0.0, 0.0
0.626932, 0.291834
0.966337, 0.257281

0.0, 0.0
0.627624, 0.292186
0.966227, 0.257693

0.0, 0.0
0.628316, 0.292538
0.966117, 0.258104

0.0, 0.0
0.629008, 0.29289
0.966007, 0.258516

0.0, 0.0
0.629699, 0.293241
0.965897, 0.258927

0.0, 0.0
0.63039, 0.293593
0.965787, 0.259338

0.0, 0.0
0.631081, 0.293944
0.965676, 0.25975

0.0, 0.0
0.631771, 0.294295
0.965565, 0.260161

0.0, 0.0
0.632461, 0.294646
0.965454, 0.260572

0.0, 0.0
0.633151, 0.294997
0.965343, 0.260983

0.0, 0.0
0.63384, 0.295348
0.965232, 0.261394

0.0, 0.0
0.63453, 0.295698
0.965121, 0.261805

0.0, 0.0
0.635218, 0.296049
0.965009, 0.262216

0.0, 0.0
0.635907, 0.296399
0.964897, 0.262627

0.0, 0.0
0.636595, 0.296749
0.964785, 0.263038

0.0, 0.0
0.637283, 0.297099
0.964673, 0.263449

0.0, 0.0
0.63797, 0.297449
0.964561, 0.26386

0.0, 0.0
0.638658, 0.297798
0.964449, 0.264271

0.0, 0.0
0.639345, 0.298148
0.964336, 0.264681

0.0, 0.0
0.640031, 0.298497
0.964223, 0.265092

0.0, 0.0
0.640717, 0.298846
0.96411, 0.265503

0.0, 0.0
0.641403, 0.299195
0.963997, 0.265913

0.0, 0.0
0.642089, 0.299544
0.963884, 0.266324

0.0, 0.0
0.642775, 0.299893
0.96377, 0.266734

0.0, 0.0
0.64346, 0.300241
0.963656, 0.267145

0.0, 0.0
0.644145, 0.30059
0.963543, 0.267555

0.0, 0.0
0.644829, 0.300938
0.963429, 0.267965

0.0, 0.0
0.645513, 0.301286
0.963314, 0.268376

0.0, 0.0
0.646197, 0.301634
0.9632, 0.268786

0.0, 0.0
0.646881, 0.301982
0.963085, 0.269196

0.0, 0.0
0.647564, 0.302329
0.962971, 0.269606

0.0, 0.0
0.648247, 0.302677
0.962856, 0.270016

0.0, 0.0
0.64893, 0.303024
0.962741, 0.270426

0.0, 0.0
0.649612, 0.303371
0.962625, 0.270836

0.0, 0.0
0.650294, 0.303718
0.96251, 0.271246

0.0, 0.0
0.650976, 0.304065
0.962394, 0.271656

0.0, 0.0
0.651658, 0.304412
0.962279, 0.272066

0.0, 0.0
0.652339, 0.304759
0.962163, 0.272476

0.0, 0.0
0.65302, 0.305105
0.962047, 0.272885

0.0, 0.0
0.653701, 0.305451
0.96193, 0.273295

0.0, 0.0
0.654381, 0.305797
0.961814, 0.273705

0.0, 0.0
0.655061, 0.306143
0.961697, 0.274114

0.0, 0.0
0.655741, 0.306489
0.96158, 0.274524

0.0, 0.0
0.65642, 0.306835
0.961463, 0.274933

0.0, 0.0
0.657099, 0.307181
0.961346, 0.275343

0.0, 0.0
0.657778, 0.307526
0.961229, 0.275752

0.0, 0.0
0.658457, 0.307871
0.961111, 0.276161

0.0, 0.0
0.659135, 0.308216
0.960994, 0.276571

0.0, 0.0
0.659814, 0.308561
0.960876, 0.27698

0.0, 0.0
0.660491, 0.308906
0.960758, 0.277389

0.0, 0.0
0.661169, 0.309251
0.960639, 0.277798

0.0, 0.0
0.661846, 0.309595
0.960521, 0.278207

0.0, 0.0
0.662523, 0.30994
0.960402, 0.278616

0.0, 0.0
0.6632, 0.310284
0.960284, 0.279025

0.0, 0.0
0.663876, 0.310628
0.960165, 0.279434

0.0, 0.0
0.664552, 0.310972
0.960046, 0.279843

0.0, 0.0
0.665228, 0.311316
0.959926, 0.280252

0.0, 0.0
0.665904, 0.311659
0.959807, 0.280661

0.0, 0.0
0.666579, 0.312003
0.959687, 0.28107

0.0, 0.0
0.667254, 0.312346
0.959568, 0.281478

0.0, 0.0
0.667929, 0.312689
0.959448, 0.281887

0.0, 0.0
0.668603, 0.313032
0.959328, 0.282295

0.0, 0.0
0.669277, 0.313375
0.959207, 0.282704

0.0, 0.0
0.669951, 0.313718
0.959087, 0.283112

0.0, 0.0
0.670625, 0.314061
0.958966, 0.283521

0.0, 0.0
0.671298, 0.314403
0.958845, 0.283929

0.0, 0.0
0.671971, 0.314746
0.958724, 0.284338

0.0, 0.0
0.672644, 0.315088
0.958603, 0.284746

0.0, 0.0
0.673317, 0.31543
0.958482, 0.285154

0.0, 0.0
0.673989, 0.315772
0.95836, 0.285562

0.0, 0.0
0.674661, 0.316114
0.958238, 0.28597

0.0, 0.0
0.675333, 0.316455
0.958117, 0.286378

0.0, 0.0
0.676005, 0.316797
0.957995, 0.286786

0.0, 0.0
0.676676, 0.317138
0.957872, 0.287194

0.0, 0.0
0.677347, 0.31748
0.95775, 0.287602

0.0, 0.0
0.678018, 0.317821
0.957627, 0.28801

0.0, 0.0
0.678688, 0.318162
0.957505, 0.288418

0.0, 0.0
0.679358, 0.318502
0.957382, 0.288826

0.0, 0.0
0.680028, 0.318843
0.957259, 0.289233

0.0, 0.0
0.680698, 0.319184
0.957135, 0.289641

0.0, 0.0
0.681367, 0.319524
0.957012, 0.290049

0.0, 0.0
0.682036, 0.319864
0.956888, 0.290456

0.0, 0.0
0.682705, 0.320205
0.956765, 0.290864

0.0, 0.0
0.683374, 0.320545
0.956641, 0.291271

0.0, 0.0
0.684042, 0.320884
0.956516, 0.291678

0.0, 0.0
0.68471, 0.321224
0.956392, 0.292086

0.0, 0.0
0.685378, 0.321564
0.956268, 0.292493

0.0, 0.0
0.686046, 0.321903
0.956143, 0.2929

0.0, 0.0
0.686713, 0.322243
0.956018, 0.293307

0.0, 0.0
0.68738, 0.322582
0.955893, 0.293714

0.0, 0.0
0.688047, 0.322921
0.955768, 0.294122

0.0, 0.0
0.688714, 0.32326
0.955643, 0.294529

0.0, 0.0
0.68938, 0.323598
0.955517, 0.294936

0.0, 0.0
0.690046, 0.323937
0.955391, 0.295342

0.0, 0.0
0.690712, 0.324276
0.955266, 0.295749

0.0, 0.0
0.691378, 0.324614
0.95514, 0.296156

0.0, 0.0
0.692043, 0.324952
0.955013, 0.296563

0.0, 0.0
0.692708, 0.32529
0.954887, 0.296969

0.0, 0.0
0.693373, 0.325628
0.95476, 0.297376

0.0, 0.0
0.694038, 0.325966
0.954634, 0.297783

0.0, 0.0
0.694702, 0.326304
0.954507, 0.298189

0.0, 0.0
0.695366, 0.326641
0.95438, 0.298596

0.0, 0.0
0.69603, 0.326979
0.954252, 0.299002

0.0, 0.0
0.696694, 0.327316
0.954125, 0.299408

0.0, 0.0
0.697357, 0.327653
0.953997, 0.299815

0.0, 0.0
0.698021, 0.32799
0.95387, 0.300221

0.0, 0.0
0.698683, 0.328327
0.953742, 0.300627

0.0, 0.0
0.699346, 0.328664
0.953614, 0.301033

0.0, 0.0
0.700009, 0.329001
0.953485, 0.301439

0.0, 0.0
0.700671, 0.329337
0.953357, 0.301845

0.0, 0.0
0.701333, 0.329674
0.953228, 0.302251

0.0, 0.0
0.701995, 0.33001
0.953099, 0.302657

0.0, 0.0
0.702656, 0.330346
0.95297, 0.303063

0.0, 0.0
0.703317, 0.330682
0.952841, 0.303469

0.0, 0.0
0.703978, 0.331018
0.952712, 0.303875

0.0, 0.0
0.704639, 0.331354
0.952582, 0.304281

0.0, 0.0
0.7053, 0.331689
0.952453, 0.304686

0.0, 0.0
0.70596, 0.332025
0.952323, 0.305092

0.0, 0.0
0.70662, 0.33236
0.952193, 0.305497

0.0, 0.0
0.70728, 0.332695
0.952063, 0.305903

0.0, 0.0
0.70794, 0.33303
0.951932, 0.306308

0.0, 0.0
0.708599, 0.333365
0.951802, 0.306714

0.0, 0.0
0.709258, 0.3337
0.951671, 0.307119

0.0, 0.0
0.709917, 0.334035
0.95154, 0.307524

0.0, 0.0
0.710576, 0.334369
0.951409, 0.307929

0.0, 0.0
0.711235, 0.334704
0.951278, 0.308335

0.0, 0.0
0.711893, 0.335038
0.951147, 0.30874

0.0, 0.0
0.712551, 0.335372
0.951015, 0.309145

0.0, 0.0
0.713209, 0.335706
0.950883, 0.30955

0.0, 0.0
0.713866, 0.33604
0.950751, 0.309955

0.0, 0.0
0.714524, 0.336374
0.950619, 0.310359

0.0, 0.0
0.715181, 0.336708
0.950487, 0.310764

0.0, 0.0
0.715838, 0.337041
0.950355, 0.311169

0.0, 0.0
0.716495, 0.337375
0.950222, 0.311574

0.0, 0.0
0.717151, 0.337708
0.950089, 0.311978

0.0, 0.0
0.717808, 0.338041
0.949956, 0.312383

0.0, 0.0
0.718464, 0.338374
0.949823, 0.312788

0.0, 0.0
0.719119, 0.338707
0.94969, 0.313192

0.0, 0.0
0.719775, 0.33904
0.949556, 0.313596

0.0, 0.0
0.720431, 0.339373
0.949423, 0.314001

0.0, 0.0
0.721086, 0.339705
0.949289, 0.314405

0.0, 0.0
0.721741, 0.340038
0.949155, 0.314809

0.0, 0.0
0.722396, 0.34037
0.949021, 0.315214

0.0, 0.0
0.72305, 0.340702
0.948886, 0.315618

0.0, 0.0
0.723704, 0.341034
0.948752, 0.316022

0.0, 0.0
0.724359, 0.341366
0.948617, 0.316426

0.0, 0.0
0.725013, 0.341698
0.948482, 0.31683

0.0, 0.0
0.725666, 0.34203
0.948347, 0.317234

0.0, 0.0
0.72632, 0.342361
0.948212, 0.317637

0.0, 0.0
0.726973, 0.342693
0.948077, 0.318041

0.0, 0.0
0.727626, 0.343024
0.947941, 0.318445

0.0, 0.0
0.728279, 0.343355
0.947806, 0.318849

0.0, 0.0
0.728932, 0.343686
0.94767, 0.319252

0.0, 0.0
0.729584, 0.344017
0.947534, 0.319656

0.0, 0.0
0.730237, 0.344348
0.947398, 0.320059

0.0, 0.0
0.730889, 0.344678
0.947261, 0.320463

0.0, 0.0
0.731541, 0.345009
0.947125, 0.320866

0.0, 0.0
0.732192, 0.345339
0.946988, 0.321269

0.0, 0.0
0.732844, 0.34567
0.946851, 0.321673

0.0, 0.0
0.733495, 0.346
0.946714, 0.322076

0.0, 0.0
0.734146, 0.34633
0.946577, 0.322479

0.0, 0.0
0.734797, 0.34666
0.946439, 0.322882

0.0, 0.0
0.735448, 0.34699
0.946302, 0.323285

0.0, 0.0
0.736098, 0.34732
0.946164, 0.323688

0.0, 0.0
0.736748, 0.347649
0.946026, 0.324091

0.0, 0.0
0.737399, 0.347979
0.945888, 0.324494

0.0, 0.0
0.738048, 0.348308
0.945749, 0.324897

0.0, 0.0
0.738698, 0.348637
0.945611, 0.325299

0.0, 0.0
0.739348, 0.348966
0.945472, 0.325702

0.0, 0.0
0.739997, 0.349295
0.945334, 0.326105

0.0, 0.0
0.740646, 0.349624
0.945195, 0.326507

0.0, 0.0
0.741295, 0.349953
0.945056, 0.32691

0.0, 0.0
0.741944, 0.350282
0.944916, 0.327312

0.0, 0.0
0.742592, 0.35061
0.944777, 0.327715

0.0, 0.0
0.743241, 0.350938
0.944637, 0.328117

0.0, 0.0
0.743889, 0.351267
0.944497, 0.328519

0.0, 0.0
0.744537, 0.351595
0.944357, 0.328921

0.0, 0.0
0.745185, 0.351923
0.944217, 0.329324

0.0, 0.0
0.745832, 0.352251
0.944077, 0.329726

0.0, 0.0
0.74648, 0.352579
0.943936, 0.330128

0.0, 0.0
0.747127, 0.352906
0.943796, 0.33053

0.0, 0.0
0.747774, 0.353234
0.943655, 0.330932

0.0, 0.0
0.748421, 0.353561
0.943514, 0.331333

0.0, 0.0
0.749068, 0.353889
0.943373, 0.331735

0.0, 0.0
0.749714, 0.354216
0.943231, 0.332137

0.0, 0.0
0.750361, 0.354543
0.94309, 0.332539

0.0, 0.0
0.751007, 0.35487
0.942948, 0.33294

0.0, 0.0
0.751653, 0.355197
0.942806, 0.333342

0.0, 0.0
0.752299, 0.355523
0.942664, 0.333743

0.0, 0.0
0.752944, 0.35585
0.942522, 0.334145

0.0, 0.0
0.75359, 0.356176
0.942379, 0.334546

0.0, 0.0
0.754235, 0.356503
0.942237, 0.334947

0.0, 0.0
0.75488, 0.356829
0.942094, 0.335349

0.0, 0.0
0.755525, 0.357155
0.941951, 0.33575

0.0, 0.0
0.75617, 0.357481
0.941808, 0.336151

0.0, 0.0
0.756815, 0.357807
0.941665, 0.336552

0.0, 0.0
0.757459, 0.358133
0.941521, 0.336953

0.0, 0.0
0.758104, 0.358459
0.941378, 0.337354

0.0, 0.0
0.758748, 0.358784
0.941234, 0.337755

0.0, 0.0
0.759392, 0.35911
0.94109, 0.338156

0.0, 0.0
0.760035, 0.359435
0.940946, 0.338556

0.0, 0.0
0.760679, 0.35976
0.940802, 0.338957

0.0, 0.0
0.761323, 0.360085
0.940657, 0.339358

0.0, 0.0
0.761966, 0.36041
0.940513, 0.339758

0.0, 0.0
0.762609, 0.360735
0.940368, 0.340159

0.0, 0.0
0.763252, 0.36106
0.940223, 0.340559

0.0, 0.0
0.763895, 0.361384
0.940078, 0.34096

0.0, 0.0
0.764538, 0.361709
0.939933, 0.34136

0.0, 0.0
0.76518, 0.362033
0.939787, 0.34176

0.0, 0.0
0.765822, 0.362358
0.939642, 0.34216

0.0, 0.0
0.766465, 0.362682
0.939496, 0.34256

0.0, 0.0
0.767107, 0.363006
0.93935, 0.342961

0.0, 0.0
0.767749, 0.36333
0.939204, 0.343361

0.0, 0.0
0.76839, 0.363654
0.939057, 0.343761

0.0, 0.0
0.769032, 0.363977
0.938911, 0.34416

0.0, 0.0
0.769673, 0.364301
0.938764, 0.34456

0.0, 0.0
0.770315, 0.364624
0.938617, 0.34496

0.0, 0.0
0.770956, 0.364948
0.93847, 0.34536

0.0, 0.0
0.771597, 0.365271
0.938323, 0.345759

0.0, 0.0
0.772238, 0.365594
0.938176, 0.346159

0.0, 0.0
0.772879, 0.365917
0.938028, 0.346558

0.0, 0.0
0.773519, 0.36624
0.937881, 0.346958

0.0, 0.0
0.77416, 0.366563
0.937733, 0.347357

0.0, 0.0
0.7748, 0.366885
0.937585, 0.347757

0.0, 0.0
0.77544, 0.367208
0.937437, 0.348156

0.0, 0.0
0.77608, 0.36753
0.937288, 0.348555

0.0, 0.0
0.77672, 0.367853
0.93714, 0.348954

0.0, 0.0
0.77736, 0.368175
0.936991, 0.349353

0.0, 0.0
0.777999, 0.368497
0.936842, 0.349752

0.0, 0.0
0.778639, 0.368819
0.936693, 0.350151

0.0, 0.0
0.779278, 0.369141
0.936544, 0.35055

0.0, 0.0
0.779917, 0.369463
0.936395, 0.350949

0.0, 0.0
0.780556, 0.369784
0.936245, 0.351348

0.0, 0.0
0.781195, 0.370106
0.936095, 0.351746

0.0, 0.0
0.781834, 0.370427
0.935945, 0.352145

0.0, 0.0
0.782473, 0.370749
0.935795, 0.352543

0.0, 0.0
0.783112, 0.37107
0.935645, 0.352942

0.0, 0.0
0.78375, 0.371391
0.935495, 0.35334

0.0, 0.0
0.784388, 0.371712
0.935344, 0.353739

0.0, 0.0
0.785027, 0.372033
0.935194, 0.354137

0.0, 0.0
0.785665, 0.372353
0.935043, 0.354535

0.0, 0.0
0.786303, 0.372674
0.934892, 0.354934

0.0, 0.0
0.78694, 0.372995
0.93474, 0.355332

0.0, 0.0
0.787578, 0.373315
0.934589, 0.35573

0.0, 0.0
0.788216, 0.373635
0.934437, 0.356128

0.0, 0.0
0.788853, 0.373955
0.934286, 0.356526

0.0, 0.0
0.789491, 0.374275
0.934134, 0.356923

0.0, 0.0
0.790128, 0.374595
0.933982, 0.357321

0.0, 0.0
0.790765, 0.374915
0.933829, 0.357719

0.0, 0.0
0.791402, 0.375235
0.933677, 0.358117

0.0, 0.0
0.792039, 0.375555
0.933524, 0.358514

0.0, 0.0
0.792676, 0.375874
0.933372, 0.358912

0.0, 0.0
0.793313, 0.376193
0.933219, 0.359309

0.0, 0.0
0.79395, 0.376513
0.933065, 0.359707

0.0, 0.0
0.794586, 0.376832
0.932912, 0.360104

0.0, 0.0
0.795223, 0.377151
0.932759, 0.360501

0.0, 0.0
0.795859, 0.37747
0.932605, 0.360898

0.0, 0.0
0.796496, 0.377789
0.932451, 0.361296

0.0, 0.0
0.797132, 0.378107
0.932297, 0.361693

0.0, 0.0
0.797768, 0.378426
0.932143, 0.36209

0.0, 0.0
0.798404, 0.378744
0.931989, 0.362487

0.0, 0.0
0.79904, 0.379063
0.931835, 0.362883

0.0, 0.0
0.799676, 0.379381
0.93168, 0.36328

0.0, 0.0
0.800311, 0.379699
0.931525, 0.363677

0.0, 0.0
0.800947, 0.380017
0.93137, 0.364074

0.0, 0.0
0.801583, 0.380335
0.931215, 0.36447

0.0, 0.0
0.802218, 0.380653
0.93106, 0.364867

0.0, 0.0
0.802854, 0.380971
0.930904, 0.365263

0.0, 0.0
0.803489, 0.381288
0.930749, 0.36566

0.0, 0.0
0.804124, 0.381606
0.930593, 0.366056

0.0, 0.0
0.80476, 0.381923
0.930437, 0.366452

0.0, 0.0
0.805395, 0.38224
0.930281, 0.366849

0.0, 0.0
0.80603, 0.382557
0.930124, 0.367245

0.0, 0.0
0.806665, 0.382874
0.929968, 0.367641

0.0, 0.0
0.8073, 0.383191
0.929811, 0.368037

0.0, 0.0
0.807935, 0.383508
0.929654, 0.368433

0.0, 0.0
0.80857, 0.383825
0.929497, 0.368829

0.0, 0.0
0.809205, 0.384141
0.92934, 0.369224

0.0, 0.0
0.809839, 0.384458
0.929183, 0.36962

0.0, 0.0
0.810474, 0.384774
0.929025, 0.370016

0.0, 0.0
0.811109, 0.38509
0.928868, 0.370411

0.0, 0.0
0.811743, 0.385406
0.92871, 0.370807

0.0, 0.0
0.812378, 0.385722
0.928552, 0.371202

0.0, 0.0
0.813013, 0.386038
0.928394, 0.371598

0.0, 0.0
0.813647, 0.386354
0.928235, 0.371993

0.0, 0.0
0.814281, 0.386669
0.928077, 0.372389

0.0, 0.0
0.814916, 0.386985
0.927918, 0.372784

0.0, 0.0
0.81555, 0.3873
0.927759, 0.373179

0.0, 0.0
0.816185, 0.387615
0.9276, 0.373574

0.0, 0.0
0.816819, 0.387931
0.927441, 0.373969

0.0, 0.0
0.817453, 0.388246
0.927282, 0.374364

0.0, 0.0
0.818088, 0.388561
0.927122, 0.374759

0.0, 0.0
0.818722, 0.388875
0.926963, 0.375154

0.0, 0.0
0.819356, 0.38919
0.926803, 0.375548

0.0, 0.0
0.81999, 0.389505
0.926643, 0.375943

0.0, 0.0
0.820625, 0.389819
0.926483, 0.376338

0.0, 0.0
0.821259, 0.390133
0.926322, 0.376732

0.0, 0.0
0.821893, 0.390448
0.926162, 0.377127

0.0, 0.0
0.822527, 0.390762
0.926001, 0.377521

0.0, 0.0
0.823162, 0.391076
0.92584, 0.377915

0.0, 0.0
0.823796, 0.39139
0.925679, 0.37831

0.0, 0.0
0.82443, 0.391703
0.925518, 0.378704

0.0, 0.0
0.825065, 0.392017
0.925357, 0.379098

0.0, 0.0
0.825699, 0.392331
0.925195, 0.379492

0.0, 0.0
0.826333, 0.392644
0.925033, 0.379886

0.0, 0.0
0.826968, 0.392957
0.924872, 0.38028

0.0, 0.0
0.827602, 0.39327
0.924709, 0.380674

0.0, 0.0
0.828236, 0.393583
0.924547, 0.381067

0.0, 0.0
0.828871, 0.393896
0.924385, 0.381461

0.0, 0.0
0.829505, 0.394209
0.924222, 0.381855

0.0, 0.0
0.83014, 0.394522
0.92406, 0.382248

0.0, 0.0
0.830775, 0.394834
0.923897, 0.382642

0.0, 0.0
0.831409, 0.395147
0.923734, 0.383035

0.0, 0.0
0.832044, 0.395459
0.923571, 0.383429

0.0, 0.0
0.832679, 0.395771
0.923407, 0.383822

0.0, 0.0
0.833314, 0.396083
0.923244, 0.384215

0.0, 0.0
0.833949, 0.396395
0.92308, 0.384608

0.0, 0.0
0.834584, 0.396707
0.922916, 0.385001

0.0, 0.0
0.835219, 0.397018
0.922752, 0.385394

0.0, 0.0
0.835854, 0.39733
0.922588, 0.385787

0.0, 0.0
0.836489, 0.397641
0.922423, 0.38618

0.0, 0.0
0.837125, 0.397953
0.922259, 0.386573

0.0, 0.0
0.83776, 0.398264
0.922094, 0.386966

0.0, 0.0
0.838396, 0.398575
0.921929, 0.387358

0.0, 0.0
0.839032, 0.398886
0.921764, 0.387751

0.0, 0.0
0.839667, 0.399196
0.921599, 0.388143

0.0, 0.0
0.840304, 0.399507
0.921434, 0.388536

0.0, 0.0
0.84094, 0.399817
0.921268, 0.388928

0.0, 0.0
0.841576, 0.400128
0.921102, 0.389321

0.0, 0.0
0.842212, 0.400438
0.920936, 0.389713

0.0, 0.0
0.842849, 0.400748
0.92077, 0.390105

0.0, 0.0
0.843486, 0.401058
0.920604, 0.390497

0.0, 0.0
0.844123, 0.401368
0.920438, 0.390889

0.0, 0.0
0.84476, 0.401678
0.920271, 0.391281

0.0, 0.0
0.845397, 0.401987
0.920105, 0.391673

0.0, 0.0
0.846035, 0.402296
0.919938, 0.392065

0.0, 0.0
0.846672, 0.402606
0.919771, 0.392456

0.0, 0.0
0.84731, 0.402915
0.919603, 0.392848

0.0, 0.0
0.847949, 0.403224
0.919436, 0.39324

0.0, 0.0
0.848587, 0.403533
0.919268, 0.393631

0.0, 0.0
0.849226, 0.403841
0.919101, 0.394023

0.0, 0.0
0.849865, 0.40415
0.918933, 0.394414

0.0, 0.0
0.850504, 0.404458
0.918765, 0.394805

0.0, 0.0
0.851143, 0.404766
0.918597, 0.395197

0.0, 0.0
0.851783, 0.405074
0.918428, 0.395588

0.0, 0.0
0.852423, 0.405382
0.91826, 0.395979

0.0, 0.0
0.853063, 0.40569
0.918091, 0.39637

0.0, 0.0
0.853704, 0.405998
0.917922, 0.396761

0.0, 0.0
0.854345, 0.406305
0.917753, 0.397152

0.0, 0.0
0.854986, 0.406612
0.917584, 0.397543

0.0, 0.0
0.855628, 0.406919
0.917414, 0.397933

0.0, 0.0
0.85627, 0.407226
0.917245, 0.398324

0.0, 0.0
0.856913, 0.407533
0.917075, 0.398715

0.0, 0.0
0.857556, 0.40784
0.916905, 0.399105

0.0, 0.0
0.858199, 0.408146
0.916735, 0.399496

0.0, 0.0
0.858843, 0.408452
0.916565, 0.399886

0.0, 0.0
0.859487, 0.408758
0.916395, 0.400276

0.0, 0.0
0.860132, 0.409064
0.916224, 0.400666

0.0, 0.0
0.860777, 0.40937
0.916053, 0.401057

0.0, 0.0
0.861423, 0.409675
0.915882, 0.401447

0.0, 0.0
0.862069, 0.409981
0.915711, 0.401837

0.0, 0.0
0.862716, 0.410286
0.91554, 0.402227

0.0, 0.0
0.863363, 0.410591
0.915369, 0.402616

0.0, 0.0
0.864012, 0.410895
0.915197, 0.403006

0.0, 0.0
0.86466, 0.4112
0.915025, 0.403396

0.0, 0.0
0.86531, 0.411504
0.914854, 0.403786

0.0, 0.0
0.86596, 0.411808
0.914682, 0.404175

0.0, 0.0
0.86661, 0.412112
0.914509, 0.404565

0.0, 0.0
0.867262, 0.412415
0.914337, 0.404954

0.0, 0.0
0.867914, 0.412719
0.914164, 0.405344

0.0, 0.0
0.868567, 0.413022
0.913992, 0.405733

0.0, 0.0
0.869221, 0.413325
0.913819, 0.406122

0.0, 0.0
0.869876, 0.413627
0.913646, 0.406511

0.0, 0.0
0.870532, 0.41393
0.913473, 0.4069

0.0, 0.0
0.871189, 0.414232
0.913299, 0.407289

0.0, 0.0
0.871847, 0.414534
0.913126, 0.407678

0.0, 0.0
0.872506, 0.414835
0.912952, 0.408067

0.0, 0.0
0.873166, 0.415136
0.912778, 0.408456

0.0, 0.0
0.873827, 0.415437
0.912604, 0.408844

0.0, 0.0
0.874489, 0.415738
0.91243, 0.409233

0.0, 0.0
0.875153, 0.416038
0.912256, 0.409622

0.0, 0.0
0.875818, 0.416338
0.912081, 0.41001

0.0, 0.0
0.876485, 0.416637
0.911906, 0.410398

0.0, 0.0
0.877153, 0.416937
0.911731, 0.410787

0.0, 0.0
0.877822, 0.417235
0.911556, 0.411175

0.0, 0.0
0.878494, 0.417534
0.911381, 0.411563

0.0, 0.0
0.879167, 0.417832
0.911206, 0.411951

0.0, 0.0
0.879842, 0.418129
0.91103, 0.412339

0.0, 0.0
0.880519, 0.418426
0.910855, 0.412727

0.0, 0.0
0.881198, 0.418722
0.910679, 0.413115

0.0, 0.0
0.881879, 0.419018
0.910503, 0.413503

0.0, 0.0
0.882563, 0.419314
0.910327, 0.413891

0.0, 0.0
0.883249, 0.419608
0.91015, 0.414278

0.0, 0.0
0.883938, 0.419903
0.909974, 0.414666

0.0, 0.0
0.884629, 0.420196
0.909797, 0.415053

0.0, 0.0
0.885324, 0.420489
0.90962, 0.415441

0.0, 0.0
0.886023, 0.42078
0.909443, 0.415828

0.0, 0.0
0.886725, 0.421071
0.909266, 0.416215

0.0, 0.0
0.88743, 0.421361
0.909089, 0.416603

0.0, 0.0
0.88814, 0.42165
0.908911, 0.41699

0.0, 0.0
0.888855, 0.421938
0.908734, 0.417377

0.0, 0.0
0.889575, 0.422225
0.908556, 0.417764

0.0, 0.0
0.8903, 0.42251
0.908378, 0.418151

0.0, 0.0
0.891031, 0.422793
0.9082, 0.418537

0.0, 0.0
0.891769, 0.423075
0.908021, 0.418924

0.0, 0.0
0.892514, 0.423355
0.907843, 0.419311

0.0, 0.0
0.893268, 0.423632
0.907664, 0.419697

0.0, 0.0
0.894031, 0.423907
0.907485, 0.420084

0.0, 0.0
0.894805, 0.424178
0.907306, 0.42047

0.0, 0.0
0.895591, 0.424446
0.907127, 0.420857

0.0, 0.0
0.896391, 0.424709
0.906948, 0.421243

0.0, 0.0
0.897208, 0.424967
0.906768, 0.421629

0.0, 0.0
0.898046, 0.425217
0.906589, 0.422015

0.0, 0.0
0.898909, 0.425457
0.906409, 0.422401

0.0, 0.0
0.899802, 0.425685
0.906229, 0.422787

0.0, 0.0
0.900737, 0.425894
0.906049, 0.423173

0.0, 0.0
0.901727, 0.426074
0.905869, 0.423559

0.0, 0.0
0.9028, 0.426203
0.905688, 0.423945

0.0, 0.0
0.904006, 0.42622
0.905507, 0.42433

0.0, 0.0
0.90544, 0.425862
0.905327, 0.424716

0.0, 0.0
0.906223, 0.424338
0.905146, 0.425102

0.0, 0.0
0.905833, 0.423031
0.904965, 0.425487

0.0, 0.0
0.905286, 0.422059
0.904783, 0.425872

0.0, 0.0
0.904715, 0.421242
0.904602, 0.426258

0.0, 0.0
0.90414, 0.420516
0.90442, 0.426643

0.0, 0.0
0.903568, 0.419849
0.904238, 0.427028

0.0, 0.0
0.902999, 0.419225
0.904056, 0.427413

0.0, 0.0
0.902435, 0.418633
0.903874, 0.427798

0.0, 0.0
0.901874, 0.418066
0.903692, 0.428183

0.0, 0.0
0.901317, 0.41752
0.90351, 0.428568

0.0, 0.0
0.900763, 0.416992
0.903327, 0.428952

0.0, 0.0
0.900211, 0.416477
0.903144, 0.429337

0.0, 0.0
0.899663, 0.415976
0.902961, 0.429722

0.0, 0.0
0.899117, 0.415484
0.902778, 0.430106

0.0, 0.0
0.898573, 0.415002
0.902595, 0.430491

0.0, 0.0
0.898031, 0.414529
0.902412, 0.430875

0.0, 0.0
0.897491, 0.414063
0.902228, 0.431259

0.0, 0.0
0.896953, 0.413603
0.902044, 0.431643

0.0, 0.0
0.896416, 0.413149
0.90186, 0.432028

0.0, 0.0
0.895881, 0.412701
0.901676, 0.432412

0.0, 0.0
0.895347, 0.412258
0.901492, 0.432796

0.0, 0.0
0.894814, 0.411819
0.901308, 0.433179

0.0, 0.0
0.894282, 0.411385
0.901123, 0.433563

0.0, 0.0
0.893751, 0.410954
0.900938, 0.433947

0.0, 0.0
0.893222, 0.410527
0.900754, 0.434331

0.0, 0.0
0.892693, 0.410103
0.900568, 0.434714

0.0, 0.0
0.892165, 0.409682
0.900383, 0.435098

0.0, 0.0
0.891638, 0.409265
0.900198, 0.435481

0.0, 0.0
0.891111, 0.408849
0.900012, 0.435864

0.0, 0.0
0.890585, 0.408437
0.899827, 0.436248

0.0, 0.0
0.89006, 0.408027
0.899641, 0.436631

0.0, 0.0
0.889536, 0.407618
0.899455, 0.437014

0.0, 0.0
0.889012, 0.407212
0.899269, 0.437397

0.0, 0.0
0.888488, 0.406808
0.899082, 0.43778

0.0, 0.0
0.887965, 0.406406
0.898896, 0.438163

0.0, 0.0
0.887443, 0.406006
0.898709, 0.438545

0.0, 0.0
0.886921, 0.405607
0.898522, 0.438928

0.0, 0.0
0.886399, 0.40521
0.898335, 0.439311

0.0, 0.0
0.885878, 0.404815
0.898148, 0.439693

0.0, 0.0
0.885357, 0.404421
0.897961, 0.440076

0.0, 0.0
0.884836, 0.404028
0.897773, 0.440458

0.0, 0.0
0.884316, 0.403637
0.897585, 0.44084

0.0, 0.0
0.883796, 0.403246
0.897398, 0.441223

0.0, 0.0
0.883277, 0.402857
0.89721, 0.441605

0.0, 0.0
0.882757, 0.40247
0.897022, 0.441987

0.0, 0.0
0.882238, 0.402083
0.896833, 0.442369

0.0, 0.0
0.881719, 0.401697
0.896645, 0.442751

0.0, 0.0
0.881201, 0.401313
0.896456, 0.443133

0.0, 0.0
0.880682, 0.400929
0.896267, 0.443514

0.0, 0.0
0.880164, 0.400546
0.896078, 0.443896

0.0, 0.0
0.879646, 0.400164
0.895889, 0.444277

0.0, 0.0
0.879128, 0.399783
0.8957, 0.444659

0.0, 0.0
0.87861, 0.399403
0.89551, 0.44504

0.0, 0.0
0.878093, 0.399024
0.895321, 0.445422

0.0, 0.0
0.877575, 0.398645
0.895131, 0.445803

0.0, 0.0
0.877058, 0.398267
0.894941, 0.446184

0.0, 0.0
0.876541, 0.39789
0.894751, 0.446565

0.0, 0.0
0.876024, 0.397514
0.894561, 0.446946

0.0, 0.0
0.875507, 0.397138
0.89437, 0.447327

0.0, 0.0
0.87499, 0.396763
0.89418, 0.447708

0.0, 0.0
0.874473, 0.396388
0.893989, 0.448089

0.0, 0.0
0.873956, 0.396014
0.893798, 0.448469

0.0, 0.0
0.873439, 0.395641
0.893607, 0.44885

0.0, 0.0
0.872923, 0.395268
0.893416, 0.449231

0.0, 0.0
0.872406, 0.394896
0.893224, 0.449611

0.0, 0.0
0.87189, 0.394524
0.893033, 0.449991

0.0, 0.0
0.871373, 0.394153
0.892841, 0.450372

0.0, 0.0
0.870857, 0.393782
0.892649, 0.450752

0.0, 0.0
0.870341, 0.393412
0.892457, 0.451132

0.0, 0.0
0.869824, 0.393042
0.892265, 0.451512

0.0, 0.0
0.869308, 0.392672
0.892073, 0.451892

0.0, 0.0
0.868792, 0.392303
0.89188, 0.452272

0.0, 0.0
0.868275, 0.391935
0.891687, 0.452652

0.0, 0.0
0.867759, 0.391567
0.891495, 0.453031

0.0, 0.0
0.867243, 0.391199
0.891302, 0.453411

0.0, 0.0
0.866726, 0.390832
0.891108, 0.45379

0.0, 0.0
0.86621, 0.390465
0.890915, 0.45417

0.0, 0.0
0.865694, 0.390098
0.890722, 0.454549

0.0, 0.0
0.865177, 0.389732
0.890528, 0.454929

0.0, 0.0
0.864661, 0.389366
0.890334, 0.455308

0.0, 0.0
0.864145, 0.389
0.89014, 0.455687

0.0, 0.0
0.863628, 0.388635
0.889946, 0.456066

0.0, 0.0
0.863112, 0.38827
0.889752, 0.456445

0.0, 0.0
0.862595, 0.387905
0.889557, 0.456824

0.0, 0.0
0.862079, 0.387541
0.889363, 0.457203

0.0, 0.0
0.861562, 0.387177
0.889168, 0.457581

0.0, 0.0
0.861046, 0.386813
0.888973, 0.45796

0.0, 0.0
0.860529, 0.386449
0.888778, 0.458339

0.0, 0.0
0.860013, 0.386086
0.888582, 0.458717

0.0, 0.0
0.859496, 0.385723
0.888387, 0.459095

0.0, 0.0
0.858979, 0.38536
0.888191, 0.459474

0.0, 0.0
0.858462, 0.384998
0.887996, 0.459852

0.0, 0.0
0.857945, 0.384635
0.8878, 0.46023

0.0, 0.0
0.857428, 0.384273
0.887604, 0.460608

0.0, 0.0
0.856911, 0.383911
0.887407, 0.460986

0.0, 0.0
0.856394, 0.38355
0.887211, 0.461364

0.0, 0.0
0.855877, 0.383188
0.887014, 0.461742

0.0, 0.0
0.85536, 0.382827
0.886818, 0.462119

0.0, 0.0
0.854843, 0.382466
0.886621, 0.462497

0.0, 0.0
0.854325, 0.382105
0.886424, 0.462875

0.0, 0.0
0.853808, 0.381745
0.886227, 0.463252

0.0, 0.0
0.85329, 0.381384
0.886029, 0.463629

0.0, 0.0
0.852773, 0.381024
0.885832, 0.464007

0.0, 0.0
0.852255, 0.380664
0.885634, 0.464384

0.0, 0.0
0.851737, 0.380304
0.885436, 0.464761

0.0, 0.0
0.851219, 0.379944
0.885238, 0.465138

0.0, 0.0
0.850701, 0.379584
0.88504, 0.465515

0.0, 0.0
0.850183, 0.379225
0.884842, 0.465892

0.0, 0.0
0.849665, 0.378865
0.884643, 0.466269

0.0, 0.0
0.849147, 0.378506
0.884444, 0.466645

0.0, 0.0
0.848629, 0.378147
0.884246, 0.467022

0.0, 0.0
0.84811, 0.377788
0.884047, 0.467399

0.0, 0.0
0.847592, 0.37743
0.883848, 0.467775

0.0, 0.0
0.847073, 0.377071
0.883648, 0.468151

0.0, 0.0
0.846554, 0.376713
0.883449, 0.468528

0.0, 0.0
0.846035, 0.376354
0.883249, 0.468904

0.0, 0.0
0.845516, 0.375996
0.883049, 0.46928

0.0, 0.0
0.844997, 0.375638
0.88285, 0.469656

0.0, 0.0
0.844478, 0.37528
0.882649, 0.470032

0.0, 0.0
0.843959, 0.374922
0.882449, 0.470408

0.0, 0.0
0.843439, 0.374564
0.882249, 0.470784

0.0, 0.0
0.84292, 0.374206
0.882048, 0.471159

0.0, 0.0
0.8424, 0.373849
0.881847, 0.471535

0.0, 0.0
0.84188, 0.373491
0.881647, 0.47191

0.0, 0.0
0.84136, 0.373134
0.881446, 0.472286

0.0, 0.0
0.84084, 0.372776
0.881244, 0.472661

0.0, 0.0
0.84032, 0.372419
0.881043, 0.473036

0.0, 0.0
0.8398, 0.372062
0.880841, 0.473412

0.0, 0.0
0.839279, 0.371705
0.88064, 0.473787

0.0, 0.0
0.838759, 0.371348
0.880438, 0.474162

0.0, 0.0
0.838238, 0.370991
0.880236, 0.474536

0.0, 0.0
0.837718, 0.370634
0.880034, 0.474911

0.0, 0.0
0.837197, 0.370278
0.879831, 0.475286

0.0, 0.0
0.836676, 0.369921
0.879629, 0.475661

0.0, 0.0
0.836154, 0.369564
0.879426, 0.476035

0.0, 0.0
0.835633, 0.369208
0.879223, 0.47641

0.0, 0.0
0.835112, 0.368851
0.87902, 0.476784

0.0, 0.0
0.83459, 0.368495
0.878817, 0.477158

0.0, 0.0
0.834068, 0.368139
0.878614, 0.477533

0.0, 0.0
0.833547, 0.367782
0.878411, 0.477907

0.0, 0.0
0.833025, 0.367426
0.878207, 0.478281

0.0, 0.0
0.832502, 0.36707
0.878003, 0.478655

0.0, 0.0
0.83198, 0.366714
0.877799, 0.479029

0.0, 0.0
0.831458, 0.366358
0.877595, 0.479402

0.0, 0.0
0.830935, 0.366002
0.877391, 0.479776

0.0, 0.0
0.830412, 0.365646
0.877187, 0.48015

0.0, 0.0
0.82989, 0.36529
0.876982, 0.480523

0.0, 0.0
0.829367, 0.364934
0.876777, 0.480897

0.0, 0.0
0.828843, 0.364578
0.876572, 0.48127

0.0, 0.0
0.82832, 0.364223
0.876367, 0.481643

0.0, 0.0
0.827797, 0.363867
0.876162, 0.482017

0.0, 0.0
0.827273, 0.363511
0.875957, 0.48239

0.0, 0.0
0.826749, 0.363155
0.875751, 0.482763

0.0, 0.0
0.826226, 0.3628
0.875546, 0.483136

0.0, 0.0
0.825702, 0.362444
0.87534, 0.483508

0.0, 0.0
0.825177, 0.362089
0.875134, 0.483881

0.0, 0.0
0.824653, 0.361733
0.874928, 0.484254

0.0, 0.0
0.824128, 0.361378
0.874721, 0.484626

0.0, 0.0
0.823604, 0.361022
0.874515, 0.484999

0.0, 0.0
0.823079, 0.360667
0.874308, 0.485371

0.0, 0.0
0.822554, 0.360311
0.874101, 0.485743

0.0, 0.0
0.822029, 0.359956
0.873894, 0.486116

0.0, 0.0
0.821504, 0.3596
0.873687, 0.486488

0.0, 0.0
0.820978, 0.359245
0.87348, 0.48686

0.0, 0.0
0.820453, 0.35889
0.873273, 0.487232

0.0, 0.0
0.819927, 0.358534
0.873065, 0.487604

0.0, 0.0
0.819401, 0.358179
0.872857, 0.487975

0.0, 0.0
0.818875, 0.357824
0.872649, 0.488347

0.0, 0.0
0.818348, 0.357468
0.872441, 0.488719

0.0, 0.0
0.817822, 0.357113
0.872233, 0.48909

0.0, 0.0
0.817295, 0.356758
0.872025, 0.489462

0.0, 0.0
0.816769, 0.356402
0.871816, 0.489833

0.0, 0.0
0.816242, 0.356047
0.871608, 0.490204

0.0, 0.0
0.815715, 0.355692
0.871399, 0.490575

0.0, 0.0
0.815187, 0.355337
0.87119, 0.490946

0.0, 0.0
0.81466, 0.354981
0.870981, 0.491317

0.0, 0.0
0.814132, 0.354626
0.870771, 0.491688

0.0, 0.0
0.813605, 0.354271
0.870562, 0.492059

0.0, 0.0
0.813077, 0.353916
0.870352, 0.49243

0.0, 0.0
0.812549, 0.35356
0.870142, 0.4928

0.0, 0.0
0.81202, 0.353205
0.869932, 0.493171

0.0, 0.0
0.811492, 0.35285
0.869722, 0.493541

0.0, 0.0
0.810963, 0.352495
0.869512, 0.493912

0.0, 0.0
0.810434, 0.352139
0.869302, 0.494282

0.0, 0.0
0.809905, 0.351784
0.869091, 0.494652

0.0, 0.0
0.809376, 0.351429
0.86888, 0.495022

0.0, 0.0
0.808847, 0.351074
0.868669, 0.495392

0.0, 0.0
0.808317, 0.350718
0.868458, 0.495762

0.0, 0.0
0.807788, 0.350363
0.868247, 0.496132

0.0, 0.0
0.807258, 0.350008
0.868036, 0.496502

0.0, 0.0
0.806728, 0.349652
0.867824, 0.496871

0.0, 0.0
0.806198, 0.349297
0.867613, 0.497241

0.0, 0.0
0.805667, 0.348942
0.867401, 0.49761

0.0, 0.0
0.805137, 0.348586
0.867189, 0.49798

0.0, 0.0
0.804606, 0.348231
0.866977, 0.498349

0.0, 0.0
0.804075, 0.347876
0.866764, 0.498718

0.0, 0.0
0.803544, 0.34752
0.866552, 0.499087

0.0, 0.0
0.803012, 0.347165
0.866339, 0.499456

0.0, 0.0
0.802481, 0.346809
0.866126, 0.499825

0.0, 0.0
0.801949, 0.346454
0.865913, 0.500194

0.0, 0.0
0.801417, 0.346098
0.8657, 0.500563

0.0, 0.0
0.800885, 0.345743
0.865487, 0.500931

0.0, 0.0
0.800353, 0.345387
0.865274, 0.5013

0.0, 0.0
0.799821, 0.345032
0.86506, 0.501668

0.0, 0.0
0.799288, 0.344676
0.864846, 0.502036

0.0, 0.0
0.798755, 0.344321
0.864633, 0.502405

0.0, 0.0
0.798222, 0.343965
0.864419, 0.502773

0.0, 0.0
0.797689, 0.343609
0.864204, 0.503141

0.0, 0.0
0.797156, 0.343254
0.86399, 0.503509

0.0, 0.0
0.796622, 0.342898
0.863775, 0.503877

0.0, 0.0
0.796088, 0.342542
0.863561, 0.504245

0.0, 0.0
0.795554, 0.342187
0.863346, 0.504612

0.0, 0.0
0.79502, 0.341831
0.863131, 0.50498

0.0, 0.0
0.794486, 0.341475
0.862916, 0.505348

0.0, 0.0
0.793951, 0.341119
0.862701, 0.505715

0.0, 0.0
0.793417, 0.340763
0.862485, 0.506082

0.0, 0.0
0.792882, 0.340407
0.86227, 0.50645

0.0, 0.0
0.792347, 0.340051
0.862054, 0.506817

0.0, 0.0
0.791811, 0.339695
0.861838, 0.507184

0.0, 0.0
0.791276, 0.339339
0.861622, 0.507551

0.0, 0.0
0.79074, 0.338983
0.861406, 0.507918

0.0, 0.0
0.790204, 0.338627
0.861189, 0.508285

0.0, 0.0
0.789668, 0.338271
0.860973, 0.508651

0.0, 0.0
0.789132, 0.337915
0.860756, 0.509018

0.0, 0.0
0.788595, 0.337559
0.860539, 0.509384

0.0, 0.0
0.788059, 0.337203
0.860322, 0.509751

0.0, 0.0
0.787522, 0.336847
0.860105, 0.510117

0.0, 0.0
0.786985, 0.33649
0.859888, 0.510483

0.0, 0.0
0.786447, 0.336134
0.85967, 0.51085

0.0, 0.0
0.78591, 0.335778
0.859452, 0.511216

0.0, 0.0
0.785372, 0.335421
0.859235, 0.511582

0.0, 0.0
0.784834, 0.335065
0.859017, 0.511948

0.0, 0.0
0.784296, 0.334708
0.858799, 0.512313

0.0, 0.0
0.783758, 0.334352
0.85858, 0.512679

0.0, 0.0
0.783219, 0.333995
0.858362, 0.513045

0.0, 0.0
0.78268, 0.333638
0.858143, 0.51341

0.0, 0.0
0.782142, 0.333282
0.857925, 0.513776

0.0, 0.0
0.781602, 0.332925
0.857706, 0.514141

0.0, 0.0
0.781063, 0.332568
0.857487, 0.514506

0.0, 0.0
0.780524, 0.332212
0.857268, 0.514871

0.0, 0.0
0.779984, 0.331855
0.857048, 0.515236

0.0, 0.0
0.779444, 0.331498
0.856829, 0.515601

0.0, 0.0
0.778904, 0.331141
0.856609, 0.515966

0.0, 0.0
0.778363, 0.330784
0.856389, 0.516331

0.0, 0.0
0.777823, 0.330427
0.856169, 0.516695

0.0, 0.0
0.777282, 0.33007
0.855949, 0.51706

0.0, 0.0
0.776741, 0.329713
0.855729, 0.517425

0.0, 0.0
0.7762, 0.329355
0.855508, 0.517789

0.0, 0.0
0.775658, 0.328998
0.855288, 0.518153

0.0, 0.0
0.775116, 0.328641
0.855067, 0.518517

0.0, 0.0
0.774575, 0.328284
0.854846, 0.518882

0.0, 0.0
0.774033, 0.327926
0.854625, 0.519246

0.0, 0.0
0.77349, 0.327569
0.854404, 0.519609

0.0, 0.0
0.772948, 0.327211
0.854183, 0.519973

0.0, 0.0
0.772405, 0.326854
0.853961, 0.520337

0.0, 0.0
0.771862, 0.326496
0.853739, 0.520701

0.0, 0.0
0.771319, 0.326139
0.853518, 0.521064

0.0, 0.0
0.770776, 0.325781
0.853296, 0.521428

0.0, 0.0
0.770232, 0.325423
0.853073, 0.521791

0.0, 0.0
0.769688, 0.325065
0.852851, 0.522154

0.0, 0.0
0.769144, 0.324707
0.852629, 0.522517

0.0, 0.0
0.7686, 0.32435
0.852406, 0.52288

0.0, 0.0
0.768055, 0.323992
0.852183, 0.523243

0.0, 0.0
0.767511, 0.323634
0.85196, 0.523606

0.0, 0.0
0.766966, 0.323275
0.851737, 0.523969

0.0, 0.0
0.766421, 0.322917
0.851514, 0.524332

0.0, 0.0
0.765875, 0.322559
0.851291, 0.524694

0.0, 0.0
0.76533, 0.322201
0.851067, 0.525057

0.0, 0.0
0.764784, 0.321843
0.850844, 0.525419

0.0, 0.0
0.764238, 0.321484
0.85062, 0.525782

0.0, 0.0
0.763692, 0.321126
0.850396, 0.526144

0.0, 0.0
0.763145, 0.320767
0.850172, 0.526506

0.0, 0.0
0.762599, 0.320409
0.849947, 0.526868

0.0, 0.0
0.762052, 0.32005
0.849723, 0.52723

0.0, 0.0
0.761505, 0.319691
0.849498, 0.527592

0.0, 0.0
0.760957, 0.319333
0.849273, 0.527953

0.0, 0.0
0.76041, 0.318974
0.849048, 0.528315

0.0, 0.0
0.759862, 0.318615
0.848823, 0.528676

0.0, 0.0
0.759314, 0.318256
0.848598, 0.529038

0.0, 0.0
0.758766, 0.317897
0.848373, 0.529399

0.0, 0.0
0.758217, 0.317538
0.848147, 0.529761

0.0, 0.0
0.757668, 0.317179
0.847922, 0.530122

0.0, 0.0
0.757119, 0.31682
0.847696, 0.530483

0.0, 0.0
0.75657, 0.31646
0.84747, 0.530844

0.0, 0.0
0.756021, 0.316101
0.847244, 0.531205

0.0, 0.0
0.755471, 0.315742
0.847017, 0.531565

0.0, 0.0
0.754921, 0.315382
0.846791, 0.531926

0.0, 0.0
0.754371, 0.315023
0.846564, 0.532287

0.0, 0.0
0.753821, 0.314663
0.846337, 0.532647

0.0, 0.0
0.75327, 0.314303
0.846111, 0.533007

0.0, 0.0
0.752719, 0.313944
0.845883, 0.533368

0.0, 0.0
0.752168, 0.313584
0.845656, 0.533728

0.0, 0.0
0.751617, 0.313224
0.845429, 0.534088

0.0, 0.0
0.751066, 0.312864
0.845201, 0.534448

0.0, 0.0
0.750514, 0.312504
0.844974, 0.534808

0.0, 0.0
0.749962, 0.312144
0.844746, 0.535168

0.0, 0.0
0.74941, 0.311784
0.844518, 0.535527

0.0, 0.0
0.748857, 0.311424
0.84429, 0.535887

0.0, 0.0
0.748304, 0.311063
0.844061, 0.536247

0.0, 0.0
0.747752, 0.310703
0.843833, 0.536606

0.0, 0.0
0.747198, 0.310343
0.843604, 0.536965

0.0, 0.0
0.746645, 0.309982
0.843376, 0.537324

0.0, 0.0
0.746091, 0.309622
0.843147, 0.537684

0.0, 0.0
0.745537, 0.309261
0.842918, 0.538043

0.0, 0.0
0.744983, 0.3089
0.842688, 0.538402

0.0, 0.0
0.744429, 0.308539
0.842459, 0.53876

0.0, 0.0
0.743874, 0.308179
0.84223, 0.539119

0.0, 0.0
0.743319, 0.307818
0.842, 0.539478

0.0, 0.0
0.742764, 0.307457
0.84177, 0.539836

0.0, 0.0
0.742209, 0.307095
0.84154, 0.540195

0.0, 0.0
0.741653, 0.306734
0.84131, 0.540553

0.0, 0.0
0.741098, 0.306373
0.84108, 0.540911

0.0, 0.0
0.740542, 0.306012
0.840849, 0.541269

0.0, 0.0
0.739985, 0.30565
0.840619, 0.541627

0.0, 0.0
0.739429, 0.305289
0.840388, 0.541985

0.0, 0.0
0.738872, 0.304927
0.840157, 0.542343

0.0, 0.0
0.738315, 0.304566
0.839926, 0.542701

0.0, 0.0
0.737757, 0.304204
0.839695, 0.543059

0.0, 0.0
0.7372, 0.303842
0.839463, 0.543416

0.0, 0.0
0.736642, 0.303481
0.839232, 0.543774

0.0, 0.0
0.736084, 0.303119
0.839, 0.544131

0.0, 0.0
0.735526, 0.302757
0.838768, 0.544488

0.0, 0.0
0.734967, 0.302395
0.838536, 0.544845

0.0, 0.0
0.734408, 0.302032
0.838304, 0.545203

0.0, 0.0
0.733849, 0.30167
0.838072, 0.545559

0.0, 0.0
0.73329, 0.301308
0.83784, 0.545916

0.0, 0.0
0.732731, 0.300945
0.837607, 0.546273

0.0, 0.0
0.732171, 0.300583
0.837374, 0.54663

0.0, 0.0
0.731611, 0.30022
0.837142, 0.546986

0.0, 0.0
0.73105, 0.299858
0.836909, 0.547343

0.0, 0.0
0.73049, 0.299495
0.836675, 0.547699

0.0, 0.0
0.729929, 0.299132
0.836442, 0.548055

0.0, 0.0
0.729368, 0.298769
0.836209, 0.548412

0.0, 0.0
0.728807, 0.298406
0.835975, 0.548768

0.0, 0.0
0.728245, 0.298043
0.835741, 0.549124

0.0, 0.0
0.727683, 0.29768
0.835507, 0.54948

0.0, 0.0
0.727121, 0.297317
0.835273, 0.549835

0.0, 0.0
0.726559, 0.296954
0.835039, 0.550191

0.0, 0.0
0.725996, 0.29659
0.834804, 0.550547

0.0, 0.0
0.725433, 0.296227
0.83457, 0.550902

0.0, 0.0
0.72487, 0.295863
0.834335, 0.551257

0.0, 0.0
0.724307, 0.2955
0.8341, 0.551613

0.0, 0.0
0.723743, 0.295136
0.833865, 0.551968

0.0, 0.0
0.723179, 0.294772
0.83363, 0.552323

0.0, 0.0
0.722615, 0.294408
0.833395, 0.552678

0.0, 0.0
0.72205, 0.294044
0.83316, 0.553033

0.0, 0.0
0.721486, 0.29368
0.832924, 0.553387

0.0, 0.0
0.720921, 0.293316
0.832688, 0.553742

0.0, 0.0
0.720355, 0.292952
0.832452, 0.554097

0.0, 0.0
0.71979, 0.292588
0.832216, 0.554451

0.0, 0.0
0.719224, 0.292223
0.83198, 0.554806

0.0, 0.0
0.718658, 0.291859
0.831744, 0.55516

0.0, 0.0
0.718092, 0.291494
0.831507, 0.555514

0.0, 0.0
0.717525, 0.291129
0.831271, 0.555868

0.0, 0.0
0.716959, 0.290765
0.831034, 0.556222

0.0, 0.0
0.716391, 0.2904
0.830797, 0.556576

0.0, 0.0
0.715824, 0.290035
0.83056, 0.55693

0.0, 0.0
0.715256, 0.28967
0.830322, 0.557283

0.0, 0.0
0.714689, 0.289305
0.830085, 0.557637

0.0, 0.0
0.71412, 0.28894
0.829847, 0.55799

0.0, 0.0
0.713552, 0.288574
0.82961, 0.558344

0.0, 0.0
0.712983, 0.288209
0.829372, 0.558697

0.0, 0.0
0.712414, 0.287843
0.829134, 0.55905

0.0, 0.0
0.711845, 0.287478
0.828896, 0.559403

0.0, 0.0
0.711275, 0.287112
0.828657, 0.559756

0.0, 0.0
0.710706, 0.286746
0.828419, 0.560109

0.0, 0.0
0.710136, 0.286381
0.82818, 0.560462

0.0, 0.0
0.709565, 0.286015
0.827942, 0.560814

0.0, 0.0
0.708995, 0.285649
0.827703, 0.561167

0.0, 0.0
0.708424, 0.285283
0.827464, 0.561519

0.0, 0.0
0.707853, 0.284916
0.827224, 0.561872

0.0, 0.0
0.707281, 0.28455
0.826985, 0.562224

0.0, 0.0
0.706709, 0.284184
0.826746, 0.562576

0.0, 0.0
0.706137, 0.283817
0.826506, 0.562928

0.0, 0.0
0.705565, 0.283451
0.826266, 0.56328

0.0, 0.0
0.704993, 0.283084
0.826026, 0.563632

0.0, 0.0
0.70442, 0.282717
0.825786, 0.563984

0.0, 0.0
0.703847, 0.28235
0.825546, 0.564335

0.0, 0.0
0.703273, 0.281983
0.825305, 0.564687

0.0, 0.0
0.702699, 0.281616
0.825065, 0.565038

0.0, 0.0
0.702125, 0.281249
0.824824, 0.565389

0.0, 0.0
0.701551, 0.280882
0.824583, 0.565741

0.0, 0.0
0.700977, 0.280515
0.824342, 0.566092

0.0, 0.0
0.700402, 0.280147
0.824101, 0.566443

0.0, 0.0
0.699827, 0.27978
0.82386, 0.566794

0.0, 0.0
0.699251, 0.279412
0.823618, 0.567145

0.0, 0.0
0.698676, 0.279044
0.823377, 0.567495

0.0, 0.0
0.6981, 0.278677
0.823135, 0.567846

0.0, 0.0
0.697524, 0.278309
0.822893, 0.568196

0.0, 0.0
0.696947, 0.277941
0.822651, 0.568547

0.0, 0.0
0.69637, 0.277572
0.822409, 0.568897

0.0, 0.0
0.695793, 0.277204
0.822166, 0.569247

0.0, 0.0
0.695216, 0.276836
0.821924, 0.569597

0.0, 0.0
0.694638, 0.276468
0.821681, 0.569947

0.0, 0.0
0.69406, 0.276099
0.821438, 0.570297

0.0, 0.0
0.693482, 0.27573
0.821195, 0.570647

0.0, 0.0
0.692903, 0.275362
0.820952, 0.570997

0.0, 0.0
0.692324, 0.274993
0.820709, 0.571346

0.0, 0.0
0.691745, 0.274624
0.820466, 0.571696

0.0, 0.0
0.691166, 0.274255
0.820222, 0.572045

0.0, 0.0
0.690586, 0.273886
0.819979, 0.572394

0.0, 0.0
0.690006, 0.273517
0.819735, 0.572743

0.0, 0.0
0.689426, 0.273147
0.819491, 0.573092

0.0, 0.0
0.688845, 0.272778
0.819247, 0.573441

0.0, 0.0
0.688264, 0.272409
0.819002, 0.57379

0.0, 0.0
0.687683, 0.272039
0.818758, 0.574139

0.0, 0.0
0.687102, 0.271669
0.818513, 0.574488

0.0, 0.0
0.68652, 0.271299
0.818269, 0.574836

0.0, 0.0
0.685938, 0.270929
0.818024, 0.575185

0.0, 0.0
0.685355, 0.270559
0.817779, 0.575533

0.0, 0.0
0.684773, 0.270189
0.817533, 0.575881

0.0, 0.0
0.68419, 0.269819
0.817288, 0.576229

0.0, 0.0
0.683606, 0.269449
0.817043, 0.576577

0.0, 0.0
0.683023, 0.269078
0.816797, 0.576925

0.0, 0.0
0.682439, 0.268708
0.816551, 0.577273

0.0, 0.0
0.681855, 0.268337
0.816305, 0.577621

0.0, 0.0
0.68127, 0.267966
0.816059, 0.577968

0.0, 0.0
0.680685, 0.267596
0.815813, 0.578316

0.0, 0.0
0.6801, 0.267225
0.815567, 0.578663

0.0, 0.0
0.679515, 0.266854
0.81532, 0.57901

0.0, 0.0
0.678929, 0.266482
0.815074, 0.579358

0.0, 0.0
0.678343, 0.266111
0.814827, 0.579705

0.0, 0.0
0.677757, 0.26574
0.81458, 0.580052

0.0, 0.0
0.67717, 0.265368
0.814333, 0.580398

0.0, 0.0
0.676583, 0.264997
0.814085, 0.580745

0.0, 0.0
0.675996, 0.264625
0.813838, 0.581092

0.0, 0.0
0.675408, 0.264253
0.81359, 0.581438

0.0, 0.0
0.67482, 0.263881
0.813343, 0.581785

0.0, 0.0
0.674232, 0.263509
0.813095, 0.582131

0.0, 0.0
0.673644, 0.263137
0.812847, 0.582477

0.0, 0.0
0.673055, 0.262765
0.812599, 0.582823

0.0, 0.0
0.672466, 0.262392
0.812351, 0.583169

0.0, 0.0
0.671876, 0.26202
0.812102, 0.583515

0.0, 0.0
0.671287, 0.261647
0.811854, 0.583861

0.0, 0.0
0.670696, 0.261275
0.811605, 0.584207

0.0, 0.0
0.670106, 0.260902
0.811356, 0.584552

0.0, 0.0
0.669515, 0.260529
0.811107, 0.584898

0.0, 0.0
0.668924, 0.260156
0.810858, 0.585243

0.0, 0.0
0.668333, 0.259783
0.810608, 0.585589

0.0, 0.0
0.667741, 0.25941
0.810359, 0.585934

0.0, 0.0
0.667149, 0.259036
0.810109, 0.586279

0.0, 0.0
0.666557, 0.258663
0.80986, 0.586624

0.0, 0.0
0.665964, 0.258289
0.80961, 0.586969

0.0, 0.0
0.665372, 0.257916
0.80936, 0.587313

0.0, 0.0
0.664778, 0.257542
0.809109, 0.587658

0.0, 0.0
0.664185, 0.257168
0.808859, 0.588002

0.0, 0.0
0.663591, 0.256794
0.808609, 0.588347

0.0, 0.0
0.662997, 0.25642
0.808358, 0.588691

0.0, 0.0
0.662402, 0.256046
0.808107, 0.589035

0.0, 0.0
0.661807, 0.255671
0.807856, 0.58938

0.0, 0.0
0.661212, 0.255297
0.807605, 0.589724

0.0, 0.0
0.660616, 0.254922
0.807354, 0.590067

0.0, 0.0
0.66002, 0.254548
0.807103, 0.590411

0.0, 0.0
0.659424, 0.254173
0.806851, 0.590755

0.0, 0.0
0.658828, 0.253798
0.806599, 0.591098

0.0, 0.0
0.658231, 0.253423
0.806348, 0.591442

0.0, 0.0
0.657634, 0.253048
0.806096, 0.591785

0.0, 0.0
0.657036, 0.252672
0.805844, 0.592128

0.0, 0.0
0.656438, 0.252297
0.805591, 0.592472

0.0, 0.0
0.65584, 0.251922
0.805339, 0.592815

0.0, 0.0
0.655242, 0.251546
0.805086, 0.593158

0.0, 0.0
0.654643, 0.25117
0.804834, 0.5935

0.0, 0.0
0.654044, 0.250794
0.804581, 0.593843

0.0, 0.0
0.653444, 0.250418
0.804328, 0.594186

0.0, 0.0
0.652844, 0.250042
0.804075, 0.594528

0.0, 0.0
0.652244, 0.249666
0.803822, 0.59487

0.0, 0.0
0.651644, 0.24929
0.803568, 0.595213

0.0, 0.0
0.651043, 0.248913
0.803315, 0.595555

0.0, 0.0
0.650442, 0.248537
0.803061, 0.595897

