0.0, 0.0
0.0165925, 0
1, 0

0.0, 0.0
0.0259442, 0.00398925
0.999999, 0.00106468

0.0, 0.0
0.0335638, 0.00774553
0.999998, 0.00212936

0.0, 0.0
0.0402319, 0.011289
0.999995, 0.00319403

0.0, 0.0
0.04627, 0.0146579
0.999991, 0.00425871

0.0, 0.0
0.0518486, 0.0178823
0.999986, 0.00532337

0.0, 0.0
0.0570717, 0.0209846
0.99998, 0.00638804

0.0, 0.0
0.0620083, 0.0239818
0.999972, 0.00745269

0.0, 0.0
0.066707, 0.0268872
0.999964, 0.00851734

0.0, 0.0
0.0712037, 0.0297113
0.999954, 0.00958197

0.0, 0.0
0.075526, 0.0324626
0.999943, 0.0106466

0.0, 0.0
0.0796953, 0.0351483
0.999931, 0.0117112

0.0, 0.0
0.083729, 0.0377742
0.999918, 0.0127758

0.0, 0.0
0.0876413, 0.0403453
0.999904, 0.0138404

0.0, 0.0
0.0914439, 0.042866
0.999889, 0.014905

0.0, 0.0
0.0951468, 0.0453399
0.999872, 0.0159695

0.0, 0.0
0.0987583, 0.0477703
0.999855, 0.0170341

0.0, 0.0
0.102286, 0.05016
0.999836, 0.0180986

0.0, 0.0
0.105736, 0.0525117
0.999816, 0.0191631

0.0, 0.0
0.109113, 0.0548275
0.999795, 0.0202275

0.0, 0.0
0.112424, 0.0571095
0.999773, 0.021292

0.0, 0.0
0.115671, 0.0593595
0.99975, 0.0223564

0.0, 0.0
0.11886, 0.0615792
0.999726, 0.0234208

0.0, 0.0
0.121992, 0.06377
0.9997, 0.0244852

0.0, 0.0
0.125072, 0.0659335
0.999674, 0.0255495

0.0, 0.0
0.128103, 0.0680707
0.999646, 0.0266139

0.0, 0.0
0.131086, 0.0701829
0.999617, 0.0276781

0.0, 0.0
0.134025, 0.0722711
0.999587, 0.0287424

0.0, 0.0
0.136921, 0.0743363
0.999556, 0.0298066

0.0, 0.0
0.139777, 0.0763795
0.999523, 0.0308708

0.0, 0.0
0.142593, 0.0784014
0.99949, 0.031935

0.0, 0.0
0.145373, 0.0804029
0.999455, 0.0329991

0.0, 0.0
0.148117, 0.0823847
0.99942, 0.0340632

0.0, 0.0
0.150826, 0.0843476
0.999383, 0.0351272

0.0, 0.0
0.153503, 0.086292
0.999345, 0.0361912

0.0, 0.0
0.156149, 0.0882188
0.999306, 0.0372552

0.0, 0.0
0.158764, 0.0901283
0.999266, 0.0383191

0.0, 0.0
0.16135, 0.0920213
0.999224, 0.039383

0.0, 0.0
0.163907, 0.0938981
0.999182, 0.0404468

0.0, 0.0
0.166438, 0.0957593
0.999138, 0.0415106

0.0, 0.0
0.168942, 0.0976053
0.999093, 0.0425743

0.0, 0.0
0.17142, 0.0994365
0.999047, 0.043638

0.0, 0.0
0.173874, 0.101253
0.999, 0.0447017

0.0, 0.0
0.176303, 0.103056
0.998952, 0.0457652

0.0, 0.0
0.17871, 0.104846
0.998903, 0.0468288

0.0, 0.0
0.181094, 0.106622
0.998853, 0.0478923

0.0, 0.0
0.183456, 0.108385
0.998801, 0.0489557

0.0, 0.0
0.185797, 0.110136
0.998748, 0.0500191

0.0, 0.0
0.188117, 0.111874
0.998694, 0.0510824

0.0, 0.0
0.190417, 0.1136
0.998639, 0.0521457

0.0, 0.0
0.192698, 0.115315
0.998583, 0.0532089

0.0, 0.0
0.194959, 0.117018
0.998526, 0.054272

0.0, 0.0
0.197202, 0.118711
0.998468, 0.0553351

0.0, 0.0
0.199426, 0.120392
0.998408, 0.0563981

0.0, 0.0
0.201633, 0.122062
0.998348, 0.0574611

0.0, 0.0
0.203823, 0.123722
0.998286, 0.0585239

0.0, 0.0
0.205996, 0.125372
0.998223, 0.0595868

0.0, 0.0
0.208152, 0.127012
0.998159, 0.0606495

0.0, 0.0
0.210293, 0.128642
0.998094, 0.0617122

0.0, 0.0
0.212417, 0.130262
0.998028, 0.0627748

0.0, 0.0
0.214526, 0.131873
0.99796, 0.0638374

0.0, 0.0
0.216621, 0.133474
0.997892, 0.0648998

0.0, 0.0
0.2187, 0.135067
0.997822, 0.0659622

0.0, 0.0
0.220765, 0.13665
0.997751, 0.0670246

0.0, 0.0
0.222816, 0.138225
0.997679, 0.0680868

0.0, 0.0
0.224853, 0.139791
0.997606, 0.069149

0.0, 0.0
0.226876, 0.141349
0.997532, 0.0702111

0.0, 0.0
0.228886, 0.142898
0.997457, 0.0712731

0.0, 0.0
0.230883, 0.144439
0.99738, 0.072335

0.0, 0.0
0.232867, 0.145972
0.997303, 0.0733969

0.0, 0.0
0.234839, 0.147498
0.997224, 0.0744586

0.0, 0.0
0.236798, 0.149015
0.997144, 0.0755203

0.0, 0.0
0.238746, 0.150525
0.997063, 0.0765819

0.0, 0.0
0.240681, 0.152027
0.996981, 0.0776434

0.0, 0.0
0.242605, 0.153522
0.996898, 0.0787048

0.0, 0.0
0.244517, 0.15501
0.996814, 0.0797662

0.0, 0.0
0.246418, 0.156491
0.996728, 0.0808274

0.0, 0.0
0.248307, 0.157964
0.996641, 0.0818886

0.0, 0.0
0.250186, 0.15943
0.996554, 0.0829496

0.0, 0.0
0.252054, 0.16089
0.996465, 0.0840106

0.0, 0.0
0.253912, 0.162343
0.996375, 0.0850715

0.0, 0.0
0.255759, 0.163789
0.996284, 0.0861322

0.0, 0.0
0.257596, 0.165229
0.996191, 0.0871929

0.0, 0.0
0.259423, 0.166662
0.996098, 0.0882535

0.0, 0.0
0.26124, 0.168089
0.996004, 0.0893139

0.0, 0.0
0.263047, 0.169509
0.995908, 0.0903743

0.0, 0.0
0.264845, 0.170924
0.995811, 0.0914346

0.0, 0.0
0.266633, 0.172332
0.995713, 0.0924948

0.0, 0.0
0.268412, 0.173734
0.995614, 0.0935548

0.0, 0.0
0.270181, 0.17513
0.995514, 0.0946148

0.0, 0.0
0.271942, 0.17652
0.995413, 0.0956746

0.0, 0.0
0.273693, 0.177905
0.99531, 0.0967344

0.0, 0.0
0.275436, 0.179283
0.995207, 0.097794

0.0, 0.0
0.27717, 0.180656
0.995102, 0.0988535

0.0, 0.0
0.278896, 0.182024
0.994996, 0.0999129

0.0, 0.0
0.280613, 0.183386
0.994889, 0.100972

0.0, 0.0
0.282322, 0.184742
0.994781, 0.102031

0.0, 0.0
0.284023, 0.186093
0.994672, 0.10309

0.0, 0.0
0.285715, 0.187439
0.994562, 0.104149

0.0, 0.0
0.287399, 0.188779
0.99445, 0.105208

0.0, 0.0
0.289076, 0.190114
0.994338, 0.106267

0.0, 0.0
0.290745, 0.191444
0.994224, 0.107326

0.0, 0.0
0.292406, 0.192769
0.994109, 0.108384

0.0, 0.0
0.294059, 0.194089
0.993993, 0.109442

0.0, 0.0
0.295705, 0.195404
0.993876, 0.110501

0.0, 0.0
0.297344, 0.196714
0.993758, 0.111559

0.0, 0.0
0.298975, 0.198019
0.993639, 0.112617

0.0, 0.0
0.300599, 0.199319
0.993518, 0.113675

0.0, 0.0
0.302215, 0.200615
0.993396, 0.114732

0.0, 0.0
0.303825, 0.201905
0.993274, 0.11579

0.0, 0.0
0.305428, 0.203192
0.99315, 0.116847

0.0, 0.0
0.307023, 0.204473
0.993025, 0.117905

0.0, 0.0
0.308612, 0.20575
0.992899, 0.118962

0.0, 0.0
0.310194, 0.207022
0.992772, 0.120019

0.0, 0.0
0.31177, 0.20829
0.992643, 0.121076

0.0, 0.0
0.313339, 0.209554
0.992514, 0.122133

0.0, 0.0
0.314901, 0.210813
0.992383, 0.123189

0.0, 0.0
0.316457, 0.212067
0.992251, 0.124246

0.0, 0.0
0.318006, 0.213318
0.992119, 0.125302

0.0, 0.0
0.319549, 0.214564
0.991985, 0.126358

0.0, 0.0
0.321086, 0.215806
0.99185, 0.127414

0.0, 0.0
0.322617, 0.217044
0.991713, 0.12847

0.0, 0.0
0.324142, 0.218277
0.991576, 0.129526

0.0, 0.0
0.32566, 0.219507
0.991438, 0.130582

0.0, 0.0
0.327172, 0.220732
0.991298, 0.131637

0.0, 0.0
0.328679, 0.221953
0.991157, 0.132692

0.0, 0.0
0.33018, 0.223171
0.991015, 0.133748

0.0, 0.0
0.331674, 0.224384
0.990872, 0.134803

0.0, 0.0
0.333164, 0.225594
0.990728, 0.135858

0.0, 0.0
0.334647, 0.226799
0.990583, 0.136912

0.0, 0.0
0.336125, 0.228001
0.990437, 0.137967

0.0, 0.0
0.337597, 0.229199
0.990289, 0.139021

0.0, 0.0
0.339063, 0.230393
0.990141, 0.140076

0.0, 0.0
0.340524, 0.231583
0.989991, 0.14113

0.0, 0.0
0.34198, 0.23277
0.98984, 0.142184

0.0, 0.0
0.34343, 0.233953
0.989688, 0.143237

0.0, 0.0
0.344875, 0.235132
0.989535, 0.144291

0.0, 0.0
0.346315, 0.236308
0.989381, 0.145344

0.0, 0.0
0.347749, 0.23748
0.989226, 0.146398

0.0, 0.0
0.349178, 0.238648
0.989069, 0.147451

0.0, 0.0
0.350602, 0.239813
0.988912, 0.148504

0.0, 0.0
0.352021, 0.240974
0.988753, 0.149557

0.0, 0.0
0.353435, 0.242132
0.988593, 0.150609

0.0, 0.0
0.354844, 0.243287
0.988432, 0.151662

0.0, 0.0
0.356248, 0.244438
0.98827, 0.152714

0.0, 0.0
0.357646, 0.245585
0.988107, 0.153766

0.0, 0.0
0.359041, 0.24673
0.987943, 0.154818

0.0, 0.0
0.36043, 0.247871
0.987778, 0.15587

0.0, 0.0
0.361814, 0.249008
0.987611, 0.156921

0.0, 0.0
0.363194, 0.250142
0.987443, 0.157973

0.0, 0.0
0.364569, 0.251273
0.987275, 0.159024

0.0, 0.0
0.365939, 0.252401
0.987105, 0.160075

0.0, 0.0
0.367305, 0.253525
0.986934, 0.161126

0.0, 0.0
0.368666, 0.254647
0.986762, 0.162177

0.0, 0.0
0.370022, 0.255765
0.986589, 0.163227

0.0, 0.0
0.371374, 0.25688
0.986414, 0.164277

0.0, 0.0
0.372722, 0.257991
0.986239, 0.165328

0.0, 0.0
0.374065, 0.2591
0.986062, 0.166377

0.0, 0.0
0.375403, 0.260206
0.985884, 0.167427

0.0, 0.0
0.376737, 0.261308
0.985706, 0.168477

0.0, 0.0
0.378067, 0.262408
0.985526, 0.169526

0.0, 0.0
0.379393, 0.263504
0.985345, 0.170575

0.0, 0.0
0.380714, 0.264598
0.985162, 0.171624

0.0, 0.0
0.382031, 0.265688
0.984979, 0.172673

0.0, 0.0
0.383344, 0.266775
0.984795, 0.173722

0.0, 0.0
0.384652, 0.26786
0.984609, 0.17477

0.0, 0.0
0.385957, 0.268942
0.984423, 0.175818

0.0, 0.0
0.387257, 0.27002
0.984235, 0.176866

0.0, 0.0
0.388553, 0.271096
0.984046, 0.177914

0.0, 0.0
0.389845, 0.272169
0.983856, 0.178962

0.0, 0.0
0.391133, 0.273239
0.983665, 0.180009

0.0, 0.0
0.392417, 0.274306
0.983473, 0.181056

0.0, 0.0
0.393697, 0.275371
0.983279, 0.182103

0.0, 0.0
0.394974, 0.276433
0.983085, 0.18315

0.0, 0.0
0.396246, 0.277491
0.982889, 0.184197

0.0, 0.0
0.397514, 0.278548
0.982693, 0.185243

0.0, 0.0
0.398779, 0.279601
0.982495, 0.186289

0.0, 0.0
0.400039, 0.280652
0.982296, 0.187335

0.0, 0.0
0.401296, 0.2817
0.982096, 0.188381

0.0, 0.0
0.402549, 0.282745
0.981895, 0.189426

0.0, 0.0
0.403799, 0.283788
0.981693, 0.190471

0.0, 0.0
0.405044, 0.284827
0.981489, 0.191517

0.0, 0.0
0.406286, 0.285865
0.981285, 0.192561

0.0, 0.0
0.407524, 0.286899
0.981079, 0.193606

0.0, 0.0
0.408759, 0.287932
0.980873, 0.19465

0.0, 0.0
0.40999, 0.288961
0.980665, 0.195695

0.0, 0.0
0.411217, 0.289988
0.980456, 0.196739

0.0, 0.0
0.412441, 0.291012
0.980246, 0.197782

0.0, 0.0
0.413661, 0.292034
0.980035, 0.198826

0.0, 0.0
0.414878, 0.293053
0.979823, 0.199869

0.0, 0.0
0.416091, 0.29407
0.979609, 0.200912

0.0, 0.0
0.417301, 0.295084
0.979395, 0.201955

0.0, 0.0
0.418507, 0.296096
0.979179, 0.202998

0.0, 0.0
0.419709, 0.297105
0.978962, 0.20404

0.0, 0.0
0.420909, 0.298112
0.978745, 0.205082

0.0, 0.0
0.422105, 0.299117
0.978526, 0.206124

0.0, 0.0
0.423297, 0.300119
0.978306, 0.207166

0.0, 0.0
0.424486, 0.301118
0.978085, 0.208208

0.0, 0.0
0.425672, 0.302115
0.977862, 0.209249

0.0, 0.0
0.426855, 0.30311
0.977639, 0.21029

0.0, 0.0
0.428034, 0.304102
0.977415, 0.21133

0.0, 0.0
0.42921, 0.305092
0.977189, 0.212371

0.0, 0.0
0.430383, 0.30608
0.976962, 0.213411

0.0, 0.0
0.431552, 0.307065
0.976735, 0.214451

0.0, 0.0
0.432718, 0.308048
0.976506, 0.215491

0.0, 0.0
0.433881, 0.309029
0.976276, 0.216531

0.0, 0.0
0.435041, 0.310007
0.976045, 0.21757

0.0, 0.0
0.436198, 0.310983
0.975813, 0.218609

0.0, 0.0
0.437352, 0.311957
0.975579, 0.219648

0.0, 0.0
0.438502, 0.312929
0.975345, 0.220686

0.0, 0.0
0.439649, 0.313898
0.975109, 0.221725

0.0, 0.0
0.440794, 0.314865
0.974873, 0.222763

0.0, 0.0
0.441935, 0.31583
0.974635, 0.223801

0.0, 0.0
0.443073, 0.316792
0.974396, 0.224838

0.0, 0.0
0.444208, 0.317753
0.974156, 0.225875

0.0, 0.0
0.44534, 0.318711
0.973915, 0.226912

0.0, 0.0
0.446469, 0.319667
0.973673, 0.227949

0.0, 0.0
0.447596, 0.320621
0.97343, 0.228986

0.0, 0.0
0.448719, 0.321572
0.973185, 0.230022

0.0, 0.0
0.449839, 0.322522
0.97294, 0.231058

0.0, 0.0
0.450956, 0.323469
0.972693, 0.232094

0.0, 0.0
0.452071, 0.324414
0.972446, 0.233129

0.0, 0.0
0.453182, 0.325358
0.972197, 0.234164

0.0, 0.0
0.454291, 0.326299
0.971947, 0.235199

0.0, 0.0
0.455396, 0.327237
0.971696, 0.236234

0.0, 0.0
0.456499, 0.328174
0.971444, 0.237268

0.0, 0.0
0.457599, 0.329109
0.971191, 0.238303

0.0, 0.0
0.458697, 0.330042
0.970937, 0.239336

0.0, 0.0
0.459791, 0.330972
0.970681, 0.24037

0.0, 0.0
0.460883, 0.331901
0.970425, 0.241403

0.0, 0.0
0.461972, 0.332827
0.970167, 0.242436

0.0, 0.0
0.463058, 0.333752
0.969909, 0.243469

0.0, 0.0
0.464141, 0.334674
0.969649, 0.244502

0.0, 0.0
0.465222, 0.335594
0.969388, 0.245534

0.0, 0.0
0.4663, 0.336513
0.969126, 0.246566

0.0, 0.0
0.467375, 0.337429
0.968863, 0.247598

0.0, 0.0
0.468448, 0.338344
0.968599, 0.248629

0.0, 0.0
0.469517, 0.339256
0.968334, 0.24966

0.0, 0.0
0.470585, 0.340167
0.968067, 0.250691

0.0, 0.0
0.471649, 0.341075
0.9678, 0.251721

0.0, 0.0
0.472711, 0.341982
0.967531, 0.252752

0.0, 0.0
0.47377, 0.342886
0.967262, 0.253782

0.0, 0.0
0.474827, 0.343789
0.966991, 0.254811

0.0, 0.0
0.475881, 0.34469
0.966719, 0.255841

0.0, 0.0
0.476933, 0.345589
0.966446, 0.25687

0.0, 0.0
0.477982, 0.346486
0.966172, 0.257899

0.0, 0.0
0.479028, 0.347381
0.965897, 0.258927

0.0, 0.0
0.480072, 0.348274
0.965621, 0.259955

0.0, 0.0
0.481114, 0.349165
0.965343, 0.260983

0.0, 0.0
0.482152, 0.350054
0.965065, 0.262011

0.0, 0.0
0.483189, 0.350942
0.964785, 0.263038

0.0, 0.0
0.484223, 0.351828
0.964505, 0.264065

0.0, 0.0
0.485254, 0.352711
0.964223, 0.265092

0.0, 0.0
0.486283, 0.353593
0.96394, 0.266118

0.0, 0.0
0.487309, 0.354473
0.963656, 0.267145

0.0, 0.0
0.488333, 0.355352
0.963371, 0.26817

0.0, 0.0
0.489355, 0.356228
0.963085, 0.269196

0.0, 0.0
0.490374, 0.357103
0.962798, 0.270221

0.0, 0.0
0.491391, 0.357976
0.96251, 0.271246

0.0, 0.0
0.492405, 0.358847
0.962221, 0.272271

0.0, 0.0
0.493417, 0.359716
0.96193, 0.273295

0.0, 0.0
0.494427, 0.360584
0.961639, 0.274319

0.0, 0.0
0.495434, 0.361449
0.961346, 0.275343

0.0, 0.0
0.496439, 0.362313
0.961052, 0.276366

0.0, 0.0
0.497442, 0.363175
0.960758, 0.277389

0.0, 0.0
0.498442, 0.364036
0.960462, 0.278412

0.0, 0.0
0.49944, 0.364894
0.960165, 0.279434

0.0, 0.0
0.500436, 0.365751
0.959867, 0.280456

0.0, 0.0
0.501429, 0.366607
0.959568, 0.281478

0.0, 0.0
0.50242, 0.36746
0.959267, 0.2825

0.0, 0.0
0.503409, 0.368312
0.958966, 0.283521

0.0, 0.0
0.504395, 0.369162
0.958664, 0.284542

0.0, 0.0
0.505379, 0.37001
0.95836, 0.285562

0.0, 0.0
0.506361, 0.370857
0.958056, 0.286582

0.0, 0.0
0.507341, 0.371702
0.95775, 0.287602

0.0, 0.0
0.508319, 0.372545
0.957443, 0.288622

0.0, 0.0
0.509294, 0.373386
0.957135, 0.289641

0.0, 0.0
0.510267, 0.374226
0.956826, 0.29066

0.0, 0.0
0.511238, 0.375065
0.956516, 0.291678

0.0, 0.0
0.512207, 0.375901
0.956205, 0.292697

0.0, 0.0
0.513173, 0.376736
0.955893, 0.293714

0.0, 0.0
0.514138, 0.377569
0.95558, 0.294732

0.0, 0.0
0.5151, 0.378401
0.955266, 0.295749

0.0, 0.0
0.51606, 0.379231
0.95495, 0.296766

0.0, 0.0
0.517018, 0.380059
0.954634, 0.297783

0.0, 0.0
0.517974, 0.380886
0.954316, 0.298799

0.0, 0.0
0.518928, 0.381711
0.953997, 0.299815

0.0, 0.0
0.519879, 0.382534
0.953678, 0.30083

0.0, 0.0
0.520829, 0.383356
0.953357, 0.301845

0.0, 0.0
0.521776, 0.384176
0.953035, 0.30286

0.0, 0.0
0.522721, 0.384995
0.952712, 0.303875

0.0, 0.0
0.523665, 0.385812
0.952388, 0.304889

0.0, 0.0
0.524606, 0.386627
0.952063, 0.305903

0.0, 0.0
0.525545, 0.387441
0.951737, 0.306916

0.0, 0.0
0.526482, 0.388254
0.951409, 0.307929

0.0, 0.0
0.527417, 0.389064
0.951081, 0.308942

0.0, 0.0
0.52835, 0.389873
0.950751, 0.309955

0.0, 0.0
0.529281, 0.390681
0.950421, 0.310967

0.0, 0.0
0.53021, 0.391487
0.950089, 0.311978

0.0, 0.0
0.531137, 0.392292
0.949757, 0.31299

0.0, 0.0
0.532062, 0.393095
0.949423, 0.314001

0.0, 0.0
0.532985, 0.393896
0.949088, 0.315011

0.0, 0.0
0.533906, 0.394696
0.948752, 0.316022

0.0, 0.0
0.534825, 0.395494
0.948415, 0.317032

0.0, 0.0
0.535742, 0.396291
0.948077, 0.318041

0.0, 0.0
0.536657, 0.397086
0.947738, 0.31905

0.0, 0.0
0.537571, 0.39788
0.947398, 0.320059

0.0, 0.0
0.538482, 0.398673
0.947056, 0.321068

0.0, 0.0
0.539391, 0.399463
0.946714, 0.322076

0.0, 0.0
0.540299, 0.400253
0.94637, 0.323084

0.0, 0.0
0.541204, 0.40104
0.946026, 0.324091

0.0, 0.0
0.542108, 0.401827
0.94568, 0.325098

0.0, 0.0
0.543009, 0.402612
0.945334, 0.326105

0.0, 0.0
0.543909, 0.403395
0.944986, 0.327111

0.0, 0.0
0.544807, 0.404177
0.944637, 0.328117

0.0, 0.0
0.545703, 0.404957
0.944287, 0.329123

0.0, 0.0
0.546597, 0.405736
0.943936, 0.330128

0.0, 0.0
0.547489, 0.406514
0.943584, 0.331133

0.0, 0.0
0.54838, 0.40729
0.943231, 0.332137

0.0, 0.0
0.549268, 0.408064
0.942877, 0.333141

0.0, 0.0
0.550155, 0.408837
0.942522, 0.334145

0.0, 0.0
0.55104, 0.409609
0.942166, 0.335148

0.0, 0.0
0.551923, 0.410379
0.941808, 0.336151

0.0, 0.0
0.552804, 0.411148
0.94145, 0.337153

0.0, 0.0
0.553684, 0.411916
0.94109, 0.338156

0.0, 0.0
0.554561, 0.412682
0.94073, 0.339157

0.0, 0.0
0.555437, 0.413446
0.940368, 0.340159

0.0, 0.0
0.556311, 0.414209
0.940005, 0.34116

0.0, 0.0
0.557184, 0.414971
0.939642, 0.34216

0.0, 0.0
0.558054, 0.415731
0.939277, 0.343161

0.0, 0.0
0.558923, 0.41649
0.938911, 0.34416

0.0, 0.0
0.55979, 0.417248
0.938544, 0.34516

0.0, 0.0
0.560655, 0.418004
0.938176, 0.346159

0.0, 0.0
0.561519, 0.418759
0.937807, 0.347158

0.0, 0.0
0.56238, 0.419512
0.937437, 0.348156

0.0, 0.0
0.56324, 0.420264
0.937065, 0.349154

0.0, 0.0
0.564099, 0.421015
0.936693, 0.350151

0.0, 0.0
0.564955, 0.421764
0.93632, 0.351148

0.0, 0.0
0.56581, 0.422512
0.935945, 0.352145

0.0, 0.0
0.566663, 0.423258
0.93557, 0.353141

0.0, 0.0
0.567515, 0.424003
0.935194, 0.354137

0.0, 0.0
0.568364, 0.424747
0.934816, 0.355133

0.0, 0.0
0.569212, 0.42549
0.934437, 0.356128

0.0, 0.0
0.570059, 0.426231
0.934058, 0.357122

0.0, 0.0
0.570903, 0.42697
0.933677, 0.358117

0.0, 0.0
0.571746, 0.427709
0.933295, 0.35911

0.0, 0.0
0.572588, 0.428446
0.932912, 0.360104

0.0, 0.0
0.573427, 0.429182
0.932528, 0.361097

0.0, 0.0
0.574265, 0.429916
0.932143, 0.36209

0.0, 0.0
0.575102, 0.430649
0.931757, 0.363082

0.0, 0.0
0.575937, 0.431381
0.93137, 0.364074

0.0, 0.0
0.57677, 0.432111
0.930982, 0.365065

0.0, 0.0
0.577601, 0.43284
0.930593, 0.366056

0.0, 0.0
0.578431, 0.433568
0.930203, 0.367047

0.0, 0.0
0.579259, 0.434295
0.929811, 0.368037

0.0, 0.0
0.580086, 0.43502
0.929419, 0.369027

0.0, 0.0
0.580911, 0.435744
0.929025, 0.370016

0.0, 0.0
0.581735, 0.436466
0.928631, 0.371005

0.0, 0.0
0.582557, 0.437187
0.928235, 0.371993

0.0, 0.0
0.583377, 0.437907
0.927839, 0.372981

0.0, 0.0
0.584196, 0.438626
0.927441, 0.373969

0.0, 0.0
0.585013, 0.439344
0.927043, 0.374956

0.0, 0.0
0.585828, 0.44006
0.926643, 0.375943

0.0, 0.0
0.586642, 0.440775
0.926242, 0.376929

0.0, 0.0
0.587455, 0.441488
0.92584, 0.377915

0.0, 0.0
0.588266, 0.442201
0.925437, 0.378901

0.0, 0.0
0.589075, 0.442912
0.925033, 0.379886

0.0, 0.0
0.589883, 0.443621
0.924628, 0.38087

0.0, 0.0
0.590689, 0.44433
0.924222, 0.381855

0.0, 0.0
0.591494, 0.445037
0.923815, 0.382838

0.0, 0.0
0.592297, 0.445743
0.923407, 0.383822

0.0, 0.0
0.593099, 0.446448
0.922998, 0.384805

0.0, 0.0
0.5939, 0.447151
0.922588, 0.385787

0.0, 0.0
0.594698, 0.447854
0.922177, 0.386769

0.0, 0.0
0.595496, 0.448555
0.921764, 0.387751

0.0, 0.0
0.596291, 0.449255
0.921351, 0.388732

0.0, 0.0
0.597086, 0.449953
0.920936, 0.389713

0.0, 0.0
0.597878, 0.450651
0.920521, 0.390693

0.0, 0.0
0.59867, 0.451347
0.920105, 0.391673

0.0, 0.0
0.59946, 0.452042
0.919687, 0.392652

0.0, 0.0
0.600248, 0.452735
0.919268, 0.393631

0.0, 0.0
0.601035, 0.453428
0.918849, 0.39461

0.0, 0.0
0.601821, 0.454119
0.918428, 0.395588

0.0, 0.0
0.602605, 0.454809
0.918006, 0.396565

0.0, 0.0
0.603387, 0.455498
0.917584, 0.397543

0.0, 0.0
0.604168, 0.456185
0.91716, 0.398519

0.0, 0.0
0.604948, 0.456872
0.916735, 0.399496

0.0, 0.0
0.605727, 0.457557
0.916309, 0.400471

0.0, 0.0
0.606503, 0.458241
0.915882, 0.401447

0.0, 0.0
0.607279, 0.458924
0.915454, 0.402422

0.0, 0.0
0.608053, 0.459605
0.915025, 0.403396

0.0, 0.0
0.608826, 0.460286
0.914595, 0.40437

0.0, 0.0
0.609597, 0.460965
0.914164, 0.405344

0.0, 0.0
0.610367, 0.461643
0.913732, 0.406317

0.0, 0.0
0.611136, 0.46232
0.913299, 0.407289

0.0, 0.0
0.611903, 0.462995
0.912865, 0.408261

0.0, 0.0
0.612668, 0.46367
0.91243, 0.409233

0.0, 0.0
0.613433, 0.464343
0.911994, 0.410204

0.0, 0.0
0.614196, 0.465015
0.911556, 0.411175

0.0, 0.0
0.614958, 0.465686
0.911118, 0.412145

0.0, 0.0
0.615718, 0.466356
0.910679, 0.413115

0.0, 0.0
0.616477, 0.467025
0.910238, 0.414084

0.0, 0.0
0.617235, 0.467692
0.909797, 0.415053

0.0, 0.0
0.617991, 0.468359
0.909355, 0.416022

0.0, 0.0
0.618746, 0.469024
0.908911, 0.41699

0.0, 0.0
0.619499, 0.469688
0.908467, 0.417957

0.0, 0.0
0.620252, 0.470351
0.908021, 0.418924

0.0, 0.0
0.621003, 0.471012
0.907575, 0.419891

0.0, 0.0
0.621752, 0.471673
0.907127, 0.420857

0.0, 0.0
0.622501, 0.472332
0.906679, 0.421822

0.0, 0.0
0.623248, 0.472991
0.906229, 0.422787

0.0, 0.0
0.623994, 0.473648
0.905778, 0.423752

0.0, 0.0
0.624738, 0.474304
0.905327, 0.424716

0.0, 0.0
0.625481, 0.474959
0.904874, 0.42568

0.0, 0.0
0.626223, 0.475613
0.90442, 0.426643

0.0, 0.0
0.626964, 0.476265
0.903965, 0.427605

0.0, 0.0
0.627703, 0.476917
0.90351, 0.428568

0.0, 0.0
0.628441, 0.477567
0.903053, 0.429529

0.0, 0.0
0.629178, 0.478216
0.902595, 0.430491

0.0, 0.0
0.629914, 0.478865
0.902136, 0.431451

0.0, 0.0
0.630648, 0.479512
0.901676, 0.432412

0.0, 0.0
0.631381, 0.480157
0.901215, 0.433371

0.0, 0.0
0.632113, 0.480802
0.900754, 0.434331

0.0, 0.0
0.632844, 0.481446
0.900291, 0.435289

0.0, 0.0
0.633573, 0.482089
0.899827, 0.436248

0.0, 0.0
0.634301, 0.48273
0.899362, 0.437205

0.0, 0.0
0.635028, 0.48337
0.898896, 0.438163

0.0, 0.0
0.635754, 0.48401
0.898429, 0.439119

0.0, 0.0
0.636479, 0.484648
0.897961, 0.440076

0.0, 0.0
0.637202, 0.485285
0.897492, 0.441032

0.0, 0.0
0.637924, 0.485921
0.897022, 0.441987

0.0, 0.0
0.638645, 0.486556
0.89655, 0.442942

0.0, 0.0
0.639365, 0.48719
0.896078, 0.443896

0.0, 0.0
0.640084, 0.487823
0.895605, 0.44485

0.0, 0.0
0.640801, 0.488454
0.895131, 0.445803

0.0, 0.0
0.641517, 0.489085
0.894656, 0.446756

0.0, 0.0
0.642232, 0.489714
0.89418, 0.447708

0.0, 0.0
0.642946, 0.490343
0.893703, 0.44866

0.0, 0.0
0.643659, 0.49097
0.893224, 0.449611

0.0, 0.0
0.644371, 0.491596
0.892745, 0.450562

0.0, 0.0
0.645081, 0.492221
0.892265, 0.451512

0.0, 0.0
0.64579, 0.492846
0.891784, 0.452462

0.0, 0.0
0.646499, 0.493469
0.891302, 0.453411

0.0, 0.0
0.647206, 0.494091
0.890818, 0.45436

0.0, 0.0
0.647912, 0.494711
0.890334, 0.455308

0.0, 0.0
0.648617, 0.495331
0.889849, 0.456255

0.0, 0.0
0.64932, 0.49595
0.889363, 0.457203

0.0, 0.0
0.650023, 0.496568
0.888875, 0.458149

0.0, 0.0
0.650724, 0.497185
0.888387, 0.459095

0.0, 0.0
0.651425, 0.4978
0.887898, 0.460041

0.0, 0.0
0.652124, 0.498415
0.887407, 0.460986

0.0, 0.0
0.652822, 0.499028
0.886916, 0.461931

0.0, 0.0
0.65352, 0.499641
0.886424, 0.462875

0.0, 0.0
0.654216, 0.500252
0.88593, 0.463818

0.0, 0.0
0.654911, 0.500863
0.885436, 0.464761

0.0, 0.0
0.655605, 0.501472
0.884941, 0.465703

0.0, 0.0
0.656298, 0.50208
0.884444, 0.466645

0.0, 0.0
0.65699, 0.502688
0.883947, 0.467587

0.0, 0.0
0.65768, 0.503294
0.883449, 0.468528

0.0, 0.0
0.65837, 0.503899
0.88295, 0.469468

0.0, 0.0
0.659059, 0.504503
0.882449, 0.470408

0.0, 0.0
0.659747, 0.505106
0.881948, 0.471347

0.0, 0.0
0.660433, 0.505708
0.881446, 0.472286

0.0, 0.0
0.661119, 0.506309
0.880942, 0.473224

0.0, 0.0
0.661804, 0.50691
0.880438, 0.474162

0.0, 0.0
0.662487, 0.507509
0.879933, 0.475099

0.0, 0.0
0.66317, 0.508107
0.879426, 0.476035

0.0, 0.0
0.663852, 0.508704
0.878919, 0.476971

0.0, 0.0
0.664533, 0.509299
0.878411, 0.477907

0.0, 0.0
0.665212, 0.509894
0.877901, 0.478842

0.0, 0.0
0.665891, 0.510488
0.877391, 0.479776

0.0, 0.0
0.666569, 0.511081
0.87688, 0.48071

0.0, 0.0
0.667246, 0.511673
0.876367, 0.481643

0.0, 0.0
0.667922, 0.512264
0.875854, 0.482576

0.0, 0.0
0.668597, 0.512854
0.87534, 0.483508

0.0, 0.0
0.669271, 0.513443
0.874824, 0.48444

0.0, 0.0
0.669944, 0.514031
0.874308, 0.485371

0.0, 0.0
0.670616, 0.514618
0.873791, 0.486302

0.0, 0.0
0.671287, 0.515204
0.873273, 0.487232

0.0, 0.0
0.671957, 0.515788
0.872753, 0.488161

0.0, 0.0
0.672627, 0.516372
0.872233, 0.48909

0.0, 0.0
0.673295, 0.516955
0.871712, 0.490019

0.0, 0.0
0.673963, 0.517537
0.87119, 0.490946

0.0, 0.0
0.674629, 0.518118
0.870667, 0.491874

0.0, 0.0
0.675295, 0.518698
0.870142, 0.4928

0.0, 0.0
0.67596, 0.519277
0.869617, 0.493727

0.0, 0.0
0.676624, 0.519855
0.869091, 0.494652

0.0, 0.0
0.677288, 0.520432
0.868564, 0.495577

0.0, 0.0
0.67795, 0.521008
0.868036, 0.496502

0.0, 0.0
0.678612, 0.521583
0.867507, 0.497425

0.0, 0.0
0.679272, 0.522157
0.866977, 0.498349

0.0, 0.0
0.679932, 0.52273
0.866446, 0.499272

0.0, 0.0
0.680591, 0.523302
0.865913, 0.500194

0.0, 0.0
0.681249, 0.523873
0.86538, 0.501115

0.0, 0.0
0.681907, 0.524443
0.864846, 0.502036

0.0, 0.0
0.682563, 0.525012
0.864311, 0.502957

0.0, 0.0
0.683219, 0.52558
0.863775, 0.503877

0.0, 0.0
0.683874, 0.526147
0.863239, 0.504796

0.0, 0.0
0.684529, 0.526713
0.862701, 0.505715

0.0, 0.0
0.685182, 0.527278
0.862162, 0.506633

0.0, 0.0
0.685835, 0.527843
0.861622, 0.507551

0.0, 0.0
0.686487, 0.528406
0.861081, 0.508468

0.0, 0.0
0.687138, 0.528968
0.860539, 0.509384

0.0, 0.0
0.687789, 0.52953
0.859996, 0.5103

0.0, 0.0
0.688438, 0.53009
0.859452, 0.511216

0.0, 0.0
0.689088, 0.53065
0.858908, 0.51213

0.0, 0.0
0.689736, 0.531208
0.858362, 0.513045

0.0, 0.0
0.690384, 0.531766
0.857815, 0.513958

0.0, 0.0
0.691031, 0.532322
0.857268, 0.514871

0.0, 0.0
0.691677, 0.532878
0.856719, 0.515784

0.0, 0.0
0.692323, 0.533432
0.856169, 0.516695

0.0, 0.0
0.692968, 0.533986
0.855619, 0.517607

0.0, 0.0
0.693612, 0.534539
0.855067, 0.518517

0.0, 0.0
0.694256, 0.535091
0.854515, 0.519427

0.0, 0.0
0.694899, 0.535642
0.853961, 0.520337

0.0, 0.0
0.695541, 0.536192
0.853407, 0.521246

0.0, 0.0
0.696183, 0.536741
0.852851, 0.522154

0.0, 0.0
0.696824, 0.537289
0.852295, 0.523062

0.0, 0.0
0.697465, 0.537836
0.851737, 0.523969

0.0, 0.0
0.698105, 0.538382
0.851179, 0.524876

0.0, 0.0
0.698745, 0.538927
0.85062, 0.525782

0.0, 0.0
0.699384, 0.539472
0.850059, 0.526687

0.0, 0.0
0.700022, 0.540015
0.849498, 0.527592

0.0, 0.0
0.70066, 0.540558
0.848936, 0.528496

0.0, 0.0
0.701298, 0.541099
0.848373, 0.529399

0.0, 0.0
0.701935, 0.54164
0.847809, 0.530302

0.0, 0.0
0.702571, 0.542179
0.847244, 0.531205

0.0, 0.0
0.703207, 0.542718
0.846678, 0.532106

0.0, 0.0
0.703843, 0.543256
0.846111, 0.533007

0.0, 0.0
0.704478, 0.543793
0.845543, 0.533908

0.0, 0.0
0.705112, 0.544329
0.844974, 0.534808

0.0, 0.0
0.705746, 0.544864
0.844404, 0.535707

0.0, 0.0
0.70638, 0.545398
0.843833, 0.536606

0.0, 0.0
0.707014, 0.545932
0.843261, 0.537504

0.0, 0.0
0.707647, 0.546464
0.842688, 0.538402

0.0, 0.0
0.708279, 0.546996
0.842115, 0.539298

0.0, 0.0
0.708912, 0.547526
0.84154, 0.540195

0.0, 0.0
0.709544, 0.548056
0.840964, 0.54109

0.0, 0.0
0.710175, 0.548585
0.840388, 0.541985

0.0, 0.0
0.710807, 0.549113
0.83981, 0.54288

0.0, 0.0
0.711438, 0.54964
0.839232, 0.543774

0.0, 0.0
0.712069, 0.550166
0.838652, 0.544667

0.0, 0.0
0.7127, 0.550691
0.838072, 0.545559

0.0, 0.0
0.71333, 0.551216
0.837491, 0.546451

0.0, 0.0
0.71396, 0.551739
0.836909, 0.547343

0.0, 0.0
0.71459, 0.552262
0.836325, 0.548234

0.0, 0.0
0.71522, 0.552783
0.835741, 0.549124

0.0, 0.0
0.71585, 0.553304
0.835156, 0.550013

0.0, 0.0
0.71648, 0.553824
0.83457, 0.550902

0.0, 0.0
0.717109, 0.554343
0.833983, 0.55179

0.0, 0.0
0.717739, 0.554862
0.833395, 0.552678

0.0, 0.0
0.718368, 0.555379
0.832806, 0.553565

0.0, 0.0
0.718997, 0.555896
0.832216, 0.554451

0.0, 0.0
0.719627, 0.556411
0.831625, 0.555337

0.0, 0.0
0.720256, 0.556926
0.831034, 0.556222

0.0, 0.0
0.720886, 0.55744
0.830441, 0.557106

0.0, 0.0
0.721515, 0.557954
0.829847, 0.55799

0.0, 0.0
0.722145, 0.558466
0.829253, 0.558874

0.0, 0.0
0.722775, 0.558978
0.828657, 0.559756

0.0, 0.0
0.723405, 0.559488
0.828061, 0.560638

0.0, 0.0
0.724035, 0.559998
0.827464, 0.561519

0.0, 0.0
0.724666, 0.560508
0.826865, 0.5624

0.0, 0.0
0.725296, 0.561016
0.826266, 0.56328

0.0, 0.0
0.725927, 0.561524
0.825666, 0.564159

0.0, 0.0
0.726558, 0.56203
0.825065, 0.565038

0.0, 0.0
0.72719, 0.562536
0.824463, 0.565916

0.0, 0.0
0.727822, 0.563042
0.82386, 0.566794

0.0, 0.0
0.728455, 0.563546
0.823256, 0.567671

0.0, 0.0
0.729088, 0.56405
0.822651, 0.568547

0.0, 0.0
0.729721, 0.564553
0.822045, 0.569422

0.0, 0.0
0.730355, 0.565055
0.821438, 0.570297

0.0, 0.0
0.73099, 0.565557
0.820831, 0.571171

0.0, 0.0
0.731626, 0.566058
0.820222, 0.572045

0.0, 0.0
0.732262, 0.566558
0.819613, 0.572918

0.0, 0.0
0.732899, 0.567058
0.819002, 0.57379

0.0, 0.0
0.733536, 0.567557
0.818391, 0.574662

0.0, 0.0
0.734175, 0.568055
0.817779, 0.575533

0.0, 0.0
0.734814, 0.568553
0.817165, 0.576403

0.0, 0.0
0.735455, 0.56905
0.816551, 0.577273

0.0, 0.0
0.736096, 0.569546
0.815936, 0.578142

0.0, 0.0
0.736739, 0.570042
0.81532, 0.57901

0.0, 0.0
0.737383, 0.570537
0.814703, 0.579878

0.0, 0.0
0.738028, 0.571032
0.814085, 0.580745

0.0, 0.0
0.738674, 0.571526
0.813467, 0.581612

0.0, 0.0
0.739322, 0.57202
0.812847, 0.582477

0.0, 0.0
0.739971, 0.572514
0.812226, 0.583342

0.0, 0.0
0.740621, 0.573007
0.811605, 0.584207

0.0, 0.0
0.741274, 0.5735
0.810982, 0.585071

0.0, 0.0
0.741928, 0.573992
0.810359, 0.585934

0.0, 0.0
0.742584, 0.574484
0.809735, 0.586796

0.0, 0.0
0.743241, 0.574976
0.809109, 0.587658

0.0, 0.0
0.743901, 0.575467
0.808483, 0.588519

0.0, 0.0
0.744563, 0.575959
0.807856, 0.58938

0.0, 0.0
0.745227, 0.57645
0.807228, 0.590239

0.0, 0.0
0.745894, 0.576942
0.806599, 0.591098

0.0, 0.0
0.746563, 0.577433
0.80597, 0.591957

0.0, 0.0
0.747234, 0.577925
0.805339, 0.592815

0.0, 0.0
0.747908, 0.578416
0.804707, 0.593672

0.0, 0.0
0.748585, 0.578908
0.804075, 0.594528

0.0, 0.0
0.749265, 0.5794
0.803441, 0.595384

0.0, 0.0
0.749949, 0.579893
0.802807, 0.596239

0.0, 0.0
0.750635, 0.580387
0.802172, 0.597093

0.0, 0.0
0.751325, 0.580881
0.801536, 0.597947

0.0, 0.0
0.752019, 0.581375
0.800899, 0.5988

0.0, 0.0
0.752717, 0.581871
0.800261, 0.599652

0.0, 0.0
0.753418, 0.582368
0.799622, 0.600504

0.0, 0.0
0.754124, 0.582866
0.798982, 0.601355

0.0, 0.0
0.754835, 0.583366
0.798341, 0.602205

0.0, 0.0
0.755549, 0.583867
0.7977, 0.603055

0.0, 0.0
0.756269, 0.584371
0.797057, 0.603904

0.0, 0.0
0.756994, 0.584876
0.796414, 0.604752

0.0, 0.0
0.757725, 0.585384
0.795769, 0.6056

0.0, 0.0
0.758461, 0.585895
0.795124, 0.606447

0.0, 0.0
0.759202, 0.586409
0.794478, 0.607293

0.0, 0.0
0.75995, 0.586926
0.793831, 0.608138

0.0, 0.0
0.760704, 0.587447
0.793183, 0.608983

0.0, 0.0
0.761465, 0.587972
0.792534, 0.609827

0.0, 0.0
0.762233, 0.588502
0.791884, 0.610671

0.0, 0.0
0.763008, 0.589038
0.791234, 0.611514

0.0, 0.0
0.76379, 0.589579
0.790582, 0.612356

0.0, 0.0
0.76458, 0.590127
0.78993, 0.613197

0.0, 0.0
0.765377, 0.590681
0.789277, 0.614038

0.0, 0.0
0.766183, 0.591244
0.788622, 0.614878

0.0, 0.0
0.766996, 0.591816
0.787967, 0.615717

0.0, 0.0
0.767817, 0.592397
0.787311, 0.616556

0.0, 0.0
0.768647, 0.592988
0.786654, 0.617394

0.0, 0.0
0.769484, 0.593591
0.785997, 0.618231

0.0, 0.0
0.770329, 0.594206
0.785338, 0.619067

0.0, 0.0
0.771182, 0.594835
0.784678, 0.619903

0.0, 0.0
0.772042, 0.595478
0.784018, 0.620738

0.0, 0.0
0.772908, 0.596136
0.783357, 0.621572

0.0, 0.0
0.773781, 0.59681
0.782694, 0.622406

0.0, 0.0
0.774659, 0.597501
0.782031, 0.623239

0.0, 0.0
0.775541, 0.59821
0.781367, 0.624071

0.0, 0.0
0.776426, 0.598937
0.780703, 0.624903

0.0, 0.0
0.777314, 0.599684
0.780037, 0.625734

0.0, 0.0
0.778203, 0.600449
0.77937, 0.626564

0.0, 0.0
0.779092, 0.601234
0.778703, 0.627393

0.0, 0.0
0.779979, 0.602039
0.778034, 0.628222

0.0, 0.0
0.780865, 0.602863
0.777365, 0.62905

0.0, 0.0
0.781747, 0.603705
0.776695, 0.629877

0.0, 0.0
0.782624, 0.604566
0.776024, 0.630704

0.0, 0.0
0.783495, 0.605445
0.775352, 0.63153

0.0, 0.0
0.784361, 0.606341
0.774679, 0.632355

0.0, 0.0
0.785219, 0.607253
0.774005, 0.633179

0.0, 0.0
0.786069, 0.60818
0.773331, 0.634003

0.0, 0.0
0.786911, 0.609121
0.772655, 0.634826

0.0, 0.0
0.787745, 0.610076
0.771979, 0.635648

0.0, 0.0
0.788569, 0.611042
0.771302, 0.63647

0.0, 0.0
0.789385, 0.612021
0.770624, 0.637291

0.0, 0.0
0.790191, 0.613009
0.769945, 0.638111

0.0, 0.0
0.790988, 0.614008
0.769265, 0.63893

0.0, 0.0
0.791776, 0.615015
0.768584, 0.639749

0.0, 0.0
0.792554, 0.61603
0.767903, 0.640567

0.0, 0.0
0.793324, 0.617053
0.76722, 0.641384

0.0, 0.0
0.794085, 0.618083
0.766537, 0.6422

0.0, 0.0
0.794837, 0.619118
0.765853, 0.643016

0.0, 0.0
0.795581, 0.620159
0.765168, 0.643831

0.0, 0.0
0.796317, 0.621205
0.764482, 0.644645

0.0, 0.0
0.797045, 0.622256
0.763795, 0.645459

0.0, 0.0
0.797765, 0.623311
0.763107, 0.646272

0.0, 0.0
0.798477, 0.62437
0.762419, 0.647084

0.0, 0.0
0.799182, 0.625431
0.761729, 0.647895

0.0, 0.0
0.799881, 0.626496
0.761039, 0.648706

0.0, 0.0
0.800572, 0.627564
0.760348, 0.649516

0.0, 0.0
0.801256, 0.628634
0.759656, 0.650325

0.0, 0.0
0.801935, 0.629707
0.758963, 0.651133

0.0, 0.0
0.802607, 0.630781
0.75827, 0.651941

0.0, 0.0
0.803273, 0.631858
0.757575, 0.652748

0.0, 0.0
0.803933, 0.632936
0.75688, 0.653554

0.0, 0.0
0.804587, 0.634015
0.756183, 0.65436

0.0, 0.0
0.805236, 0.635096
0.755486, 0.655164

0.0, 0.0
0.80588, 0.636177
0.754788, 0.655968

0.0, 0.0
0.806519, 0.63726
0.754089, 0.656772

0.0, 0.0
0.807153, 0.638344
0.75339, 0.657574

0.0, 0.0
0.807781, 0.639428
0.752689, 0.658376

0.0, 0.0
0.808406, 0.640513
0.751988, 0.659177

0.0, 0.0
0.809025, 0.641599
0.751286, 0.659977

0.0, 0.0
0.809641, 0.642685
0.750583, 0.660777

0.0, 0.0
0.810251, 0.643772
0.749879, 0.661575

0.0, 0.0
0.810858, 0.644858
0.749174, 0.662373

0.0, 0.0
0.811461, 0.645946
0.748468, 0.663171

0.0, 0.0
0.81206, 0.647033
0.747762, 0.663967

0.0, 0.0
0.812655, 0.64812
0.747054, 0.664763

0.0, 0.0
0.813246, 0.649208
0.746346, 0.665558

0.0, 0.0
0.813834, 0.650296
0.745637, 0.666352

0.0, 0.0
0.814418, 0.651383
0.744927, 0.667146

0.0, 0.0
0.814998, 0.652471
0.744217, 0.667938

0.0, 0.0
0.815576, 0.653558
0.743505, 0.66873

0.0, 0.0
0.81615, 0.654646
0.742793, 0.669522

0.0, 0.0
0.81672, 0.655733
0.742079, 0.670312

0.0, 0.0
0.817288, 0.65682
0.741365, 0.671102

0.0, 0.0
0.817852, 0.657907
0.74065, 0.671891

0.0, 0.0
0.818414, 0.658994
0.739935, 0.672679

0.0, 0.0
0.818972, 0.66008
0.739218, 0.673466

0.0, 0.0
0.819528, 0.661166
0.738501, 0.674253

0.0, 0.0
0.820081, 0.662252
0.737782, 0.675039

0.0, 0.0
0.820631, 0.663337
0.737063, 0.675824

0.0, 0.0
0.821179, 0.664422
0.736343, 0.676608

0.0, 0.0
0.821723, 0.665507
0.735622, 0.677392

0.0, 0.0
0.822266, 0.666591
0.734901, 0.678175

0.0, 0.0
0.822805, 0.667675
0.734178, 0.678957

0.0, 0.0
0.823342, 0.668759
0.733455, 0.679738

0.0, 0.0
0.823877, 0.669842
0.732731, 0.680519

0.0, 0.0
0.824409, 0.670924
0.732006, 0.681298

0.0, 0.0
0.824939, 0.672007
0.73128, 0.682077

0.0, 0.0
0.825467, 0.673088
0.730554, 0.682855

0.0, 0.0
0.825992, 0.67417
0.729826, 0.683633

0.0, 0.0
0.826516, 0.67525
0.729098, 0.684409

0.0, 0.0
0.827037, 0.676331
0.728369, 0.685185

0.0, 0.0
0.827555, 0.67741
0.727639, 0.68596

0.0, 0.0
0.828072, 0.67849
0.726908, 0.686735

0.0, 0.0
0.828587, 0.679569
0.726177, 0.687508

0.0, 0.0
0.829099, 0.680647
0.725444, 0.688281

0.0, 0.0
0.829609, 0.681725
0.724711, 0.689053

0.0, 0.0
0.830118, 0.682802
0.723977, 0.689824

0.0, 0.0
0.830624, 0.683878
0.723242, 0.690595

0.0, 0.0
0.831129, 0.684955
0.722506, 0.691364

0.0, 0.0
0.831632, 0.68603
0.72177, 0.692133

0.0, 0.0
0.832132, 0.687105
0.721033, 0.692901

0.0, 0.0
0.832631, 0.68818
0.720294, 0.693668

0.0, 0.0
0.833128, 0.689254
0.719556, 0.694435

0.0, 0.0
0.833624, 0.690327
0.718816, 0.695201

0.0, 0.0
0.834117, 0.6914
0.718075, 0.695966

0.0, 0.0
0.834609, 0.692472
0.717334, 0.69673

0.0, 0.0
0.835099, 0.693544
0.716592, 0.697493

0.0, 0.0
0.835587, 0.694615
0.715849, 0.698256

0.0, 0.0
0.836074, 0.695685
0.715105, 0.699017

0.0, 0.0
0.836559, 0.696755
0.71436, 0.699778

0.0, 0.0
0.837042, 0.697825
0.713615, 0.700538

0.0, 0.0
0.837524, 0.698893
0.712868, 0.701298

0.0, 0.0
0.838004, 0.699961
0.712121, 0.702056

0.0, 0.0
0.838482, 0.701029
0.711373, 0.702814

0.0, 0.0
0.838959, 0.702096
0.710625, 0.703571

0.0, 0.0
0.839434, 0.703162
0.709875, 0.704327

0.0, 0.0
0.839908, 0.704228
0.709125, 0.705083

0.0, 0.0
0.84038, 0.705293
0.708374, 0.705837

0.0, 0.0
0.840851, 0.706358
0.707622, 0.706591

0.0, 0.0
0.84132, 0.707422
0.706869, 0.707344

0.0, 0.0
0.841788, 0.708485
0.706116, 0.708096

0.0, 0.0
0.842254, 0.709548
0.705362, 0.708848

0.0, 0.0
0.842719, 0.71061
0.704606, 0.709598

0.0, 0.0
0.843182, 0.711672
0.703851, 0.710348

0.0, 0.0
0.843644, 0.712733
0.703094, 0.711097

0.0, 0.0
0.844105, 0.713794
0.702336, 0.711845

0.0, 0.0
0.844564, 0.714853
0.701578, 0.712593

0.0, 0.0
0.845022, 0.715913
0.700819, 0.713339

0.0, 0.0
0.845479, 0.716971
0.700059, 0.714085

0.0, 0.0
0.845934, 0.718029
0.699299, 0.71483

0.0, 0.0
0.846388, 0.719086
0.698537, 0.715574

0.0, 0.0
0.84684, 0.720143
0.697775, 0.716317

0.0, 0.0
0.847291, 0.721199
0.697012, 0.71706

0.0, 0.0
0.847741, 0.722255
0.696248, 0.717801

0.0, 0.0
0.84819, 0.72331
0.695483, 0.718542

0.0, 0.0
0.848637, 0.724364
0.694718, 0.719282

0.0, 0.0
0.849083, 0.725418
0.693952, 0.720022

0.0, 0.0
0.849528, 0.726471
0.693185, 0.72076

0.0, 0.0
0.849971, 0.727524
0.692417, 0.721498

0.0, 0.0
0.850413, 0.728576
0.691648, 0.722234

0.0, 0.0
0.850854, 0.729627
0.690879, 0.72297

0.0, 0.0
0.851294, 0.730678
0.690109, 0.723706

0.0, 0.0
0.851733, 0.731728
0.689338, 0.72444

0.0, 0.0
0.85217, 0.732778
0.688566, 0.725173

0.0, 0.0
0.852607, 0.733827
0.687794, 0.725906

0.0, 0.0
0.853042, 0.734875
0.687021, 0.726638

0.0, 0.0
0.853476, 0.735923
0.686247, 0.727369

0.0, 0.0
0.853908, 0.73697
0.685472, 0.728099

0.0, 0.0
0.85434, 0.738016
0.684696, 0.728829

0.0, 0.0
0.85477, 0.739062
0.68392, 0.729557

0.0, 0.0
0.8552, 0.740107
0.683143, 0.730285

0.0, 0.0
0.855628, 0.741152
0.682365, 0.731012

0.0, 0.0
0.856055, 0.742196
0.681586, 0.731738

0.0, 0.0
0.856481, 0.74324
0.680807, 0.732463

0.0, 0.0
0.856906, 0.744283
0.680026, 0.733188

0.0, 0.0
0.857329, 0.745325
0.679245, 0.733911

0.0, 0.0
0.857752, 0.746367
0.678464, 0.734634

0.0, 0.0
0.858174, 0.747408
0.677681, 0.735356

0.0, 0.0
0.858594, 0.748448
0.676898, 0.736077

0.0, 0.0
0.859014, 0.749488
0.676114, 0.736797

0.0, 0.0
0.859432, 0.750528
0.675329, 0.737517

0.0, 0.0
0.859849, 0.751566
0.674543, 0.738235

0.0, 0.0
0.860266, 0.752605
0.673757, 0.738953

0.0, 0.0
0.860681, 0.753642
0.67297, 0.73967

0.0, 0.0
0.861095, 0.754679
0.672182, 0.740386

0.0, 0.0
0.861508, 0.755715
0.671393, 0.741101

0.0, 0.0
0.86192, 0.756751
0.670604, 0.741816

0.0, 0.0
0.862331, 0.757786
0.669814, 0.742529

0.0, 0.0
0.862742, 0.758821
0.669023, 0.743242

0.0, 0.0
0.863151, 0.759855
0.668231, 0.743954

0.0, 0.0
0.863559, 0.760888
0.667439, 0.744665

0.0, 0.0
0.863966, 0.761921
0.666645, 0.745375

0.0, 0.0
0.864372, 0.762953
0.665851, 0.746084

0.0, 0.0
0.864777, 0.763985
0.665057, 0.746793

0.0, 0.0
0.865181, 0.765016
0.664261, 0.7475

0.0, 0.0
0.865585, 0.766047
0.663465, 0.748207

0.0, 0.0
0.865987, 0.767077
0.662668, 0.748913

0.0, 0.0
0.866388, 0.768106
0.66187, 0.749618

0.0, 0.0
0.866789, 0.769135
0.661072, 0.750323

0.0, 0.0
0.867188, 0.770163
0.660273, 0.751026

0.0, 0.0
0.867586, 0.77119
0.659473, 0.751729

0.0, 0.0
0.867984, 0.772217
0.658672, 0.75243

0.0, 0.0
0.868381, 0.773244
0.65787, 0.753131

0.0, 0.0
0.868776, 0.774269
0.657068, 0.753831

0.0, 0.0
0.869171, 0.775295
0.656265, 0.75453

0.0, 0.0
0.869565, 0.776319
0.655462, 0.755229

0.0, 0.0
0.869958, 0.777343
0.654657, 0.755926

0.0, 0.0
0.87035, 0.778367
0.653852, 0.756623

0.0, 0.0
0.870741, 0.77939
0.653046, 0.757318

0.0, 0.0
0.871131, 0.780412
0.652239, 0.758013

0.0, 0.0
0.87152, 0.781434
0.651432, 0.758707

0.0, 0.0
0.871909, 0.782455
0.650624, 0.7594

0.0, 0.0
0.872296, 0.783475
0.649815, 0.760093

0.0, 0.0
0.872683, 0.784495
0.649005, 0.760784

0.0, 0.0
0.873069, 0.785515
0.648195, 0.761474

0.0, 0.0
0.873454, 0.786534
0.647384, 0.762164

0.0, 0.0
0.873838, 0.787552
0.646572, 0.762853

0.0, 0.0
0.874221, 0.78857
0.645759, 0.763541

0.0, 0.0
0.874603, 0.789587
0.644946, 0.764228

0.0, 0.0
0.874985, 0.790604
0.644132, 0.764914

0.0, 0.0
0.875365, 0.79162
0.643317, 0.7656

0.0, 0.0
0.875745, 0.792635
0.642502, 0.766284

0.0, 0.0
0.876124, 0.79365
0.641686, 0.766968

0.0, 0.0
0.876502, 0.794664
0.640869, 0.767651

0.0, 0.0
0.876879, 0.795678
0.640051, 0.768332

0.0, 0.0
0.877255, 0.796691
0.639233, 0.769013

0.0, 0.0
0.877631, 0.797704
0.638414, 0.769694

0.0, 0.0
0.878006, 0.798716
0.637594, 0.770373

0.0, 0.0
0.87838, 0.799727
0.636773, 0.771051

0.0, 0.0
0.878753, 0.800738
0.635952, 0.771729

0.0, 0.0
0.879125, 0.801749
0.63513, 0.772405

0.0, 0.0
0.879496, 0.802758
0.634307, 0.773081

0.0, 0.0
0.879867, 0.803768
0.633484, 0.773756

0.0, 0.0
0.880237, 0.804776
0.63266, 0.77443

0.0, 0.0
0.880606, 0.805784
0.631835, 0.775103

0.0, 0.0
0.880974, 0.806792
0.631009, 0.775775

0.0, 0.0
0.881342, 0.807799
0.630183, 0.776447

0.0, 0.0
0.881708, 0.808805
0.629356, 0.777117

0.0, 0.0
0.882074, 0.809811
0.628528, 0.777787

0.0, 0.0
0.882439, 0.810817
0.6277, 0.778456

0.0, 0.0
0.882803, 0.811821
0.62687, 0.779124

0.0, 0.0
0.883167, 0.812826
0.62604, 0.779791

0.0, 0.0
0.88353, 0.813829
0.62521, 0.780457

0.0, 0.0
0.883892, 0.814832
0.624379, 0.781122

0.0, 0.0
0.884253, 0.815835
0.623547, 0.781786

0.0, 0.0
0.884613, 0.816837
0.622714, 0.78245

0.0, 0.0
0.884973, 0.817838
0.62188, 0.783112

0.0, 0.0
0.885332, 0.818839
0.621046, 0.783774

0.0, 0.0
0.88569, 0.81984
0.620212, 0.784435

0.0, 0.0
0.886047, 0.82084
0.619376, 0.785094

0.0, 0.0
0.886404, 0.821839
0.61854, 0.785753

0.0, 0.0
0.88676, 0.822838
0.617703, 0.786412

0.0, 0.0
0.887115, 0.823836
0.616865, 0.787069

0.0, 0.0
0.887469, 0.824833
0.616027, 0.787725

0.0, 0.0
0.887823, 0.82583
0.615188, 0.788381

0.0, 0.0
0.888176, 0.826827
0.614348, 0.789035

0.0, 0.0
0.888528, 0.827823
0.613508, 0.789689

0.0, 0.0
0.888879, 0.828818
0.612667, 0.790341

0.0, 0.0
0.88923, 0.829813
0.611825, 0.790993

0.0, 0.0
0.88958, 0.830808
0.610982, 0.791644

0.0, 0.0
0.889929, 0.831802
0.610139, 0.792294

0.0, 0.0
0.890278, 0.832795
0.609295, 0.792943

0.0, 0.0
0.890626, 0.833788
0.608451, 0.793592

0.0, 0.0
0.890973, 0.83478
0.607605, 0.794239

0.0, 0.0
0.891319, 0.835771
0.606759, 0.794885

0.0, 0.0
0.891665, 0.836763
0.605913, 0.795531

0.0, 0.0
0.89201, 0.837753
0.605065, 0.796176

0.0, 0.0
0.892354, 0.838743
0.604217, 0.796819

0.0, 0.0
0.892697, 0.839733
0.603369, 0.797462

0.0, 0.0
0.89304, 0.840722
0.602519, 0.798104

0.0, 0.0
0.893382, 0.84171
0.601669, 0.798745

0.0, 0.0
0.893724, 0.842698
0.600819, 0.799385

0.0, 0.0
0.894064, 0.843685
0.599967, 0.800025

0.0, 0.0
0.894404, 0.844672
0.599115, 0.800663

0.0, 0.0
0.894744, 0.845659
0.598262, 0.8013

0.0, 0.0
0.895082, 0.846644
0.597409, 0.801937

0.0, 0.0
0.89542, 0.84763
0.596555, 0.802572

0.0, 0.0
0.895758, 0.848614
0.5957, 0.803207

0.0, 0.0
0.896094, 0.849599
0.594844, 0.803841

0.0, 0.0
0.89643, 0.850582
0.593988, 0.804474

0.0, 0.0
0.896765, 0.851565
0.593131, 0.805106

0.0, 0.0
0.8971, 0.852548
0.592274, 0.805737

0.0, 0.0
0.897434, 0.85353
0.591416, 0.806367

0.0, 0.0
0.897767, 0.854512
0.590557, 0.806996

0.0, 0.0
0.898099, 0.855493
0.589697, 0.807624

0.0, 0.0
0.898431, 0.856473
0.588837, 0.808252

0.0, 0.0
0.898762, 0.857453
0.587976, 0.808878

0.0, 0.0
0.899093, 0.858433
0.587115, 0.809504

0.0, 0.0
0.899423, 0.859411
0.586252, 0.810128

0.0, 0.0
0.899752, 0.86039
0.58539, 0.810752

0.0, 0.0
0.900081, 0.861368
0.584526, 0.811375

0.0, 0.0
0.900409, 0.862345
0.583662, 0.811997

0.0, 0.0
0.900736, 0.863322
0.582797, 0.812618

0.0, 0.0
0.901062, 0.864298
0.581932, 0.813238

0.0, 0.0
0.901388, 0.865274
0.581065, 0.813857

0.0, 0.0
0.901714, 0.866249
0.580199, 0.814475

0.0, 0.0
0.902038, 0.867224
0.579331, 0.815092

0.0, 0.0
0.902362, 0.868198
0.578463, 0.815709

0.0, 0.0
0.902686, 0.869172
0.577594, 0.816324

0.0, 0.0
0.903008, 0.870145
0.576725, 0.816939

0.0, 0.0
0.90333, 0.871118
0.575855, 0.817552

